desc: I1 cache:         32768 B, 64 B, 8-way associative
desc: D1 cache:         32768 B, 64 B, 8-way associative
desc: LL cache:         8388608 B, 64 B, 16-way associative
cmd: ./6matrix
events: Ir I1mr ILmr Dr D1mr DLmr Dw D1mw DLmw 
fl=/build/glibc-9tT8Do/glibc-2.23/csu/../csu/init-first.c
fn=_init
52 8 1 1 0 0 0 4 0 0
58 4 1 1 1 1 0 1 1 1
65 5 1 1 4 2 0 0 0 0
70 1 0 0 0 0 0 1 1 1
71 1 0 0 0 0 0 1 1 1
72 2 0 0 1 1 0 1 1 1
86 4 0 0 0 0 0 1 0 0
94 1 0 0 0 0 0 1 0 0
99 6 0 0 5 0 0 0 0 0
fl=/build/glibc-9tT8Do/glibc-2.23/csu/../csu/libc-start.c
fn=(below main)
134 10 1 1 0 0 0 8 0 0
138 7 1 1 1 1 0 1 0 0
220 2 1 1 0 0 0 0 0 0
221 4 0 0 0 0 0 1 0 0
243 4 0 0 2 0 0 0 0 0
246 2 0 0 0 0 0 0 0 0
247 5 0 0 4 0 0 1 0 0
251 4 1 1 2 1 0 0 0 0
266 2 0 0 0 0 0 0 0 0
278 2 0 0 0 0 0 1 0 0
279 2 0 0 0 0 0 0 0 0
284 2 0 0 1 1 0 1 0 0
285 2 1 0 1 1 0 1 0 0
288 2 0 0 0 0 0 1 0 0
291 6 0 0 5 2 0 1 0 0
fl=/build/glibc-9tT8Do/glibc-2.23/csu/../sysdeps/generic/dl-hash.h
fn=_init
45 12 0 0 4 1 0 0 0 0
48 12 0 0 0 0 0 0 0 0
62 16 0 0 0 0 0 0 0 0
fl=/build/glibc-9tT8Do/glibc-2.23/csu/../sysdeps/unix/sysv/linux/x86_64/init-first.c
fn=_init
36 11 2 2 0 0 0 4 0 0
38 4 0 0 0 0 0 1 0 0
39 2 0 0 0 0 0 0 0 0
40 2 1 1 0 0 0 0 0 0
41 2 1 1 1 0 0 0 0 0
42 1 0 0 0 0 0 1 0 0
44 3 0 0 0 0 0 1 0 0
45 2 0 0 1 0 0 0 0 0
46 1 0 0 0 0 0 1 0 0
fl=/build/glibc-9tT8Do/glibc-2.23/ctype/ctype-info.c
fn=__ctype_init
31 7 2 2 5 2 0 1 0 0
33 4 0 0 2 1 0 1 0 0
35 5 0 0 3 1 0 1 0 0
fl=/build/glibc-9tT8Do/glibc-2.23/elf/../elf/dl-runtime.c
fn=_dl_fixup
66 222 1 1 0 0 0 74 0 0
68 74 0 0 74 0 0 0 0 0
69 148 0 0 148 6 0 0 0 0
71 296 1 1 74 7 0 0 0 0
72 74 0 0 74 6 0 0 0 0
73 518 0 0 148 72 1 74 0 0
74 222 0 0 148 8 0 0 0 0
79 148 0 0 0 0 0 0 0 0
83 148 1 1 74 73 39 0 0 0
87 222 0 0 74 7 0 0 0 0
91 74 0 0 74 7 0 0 0 0
92 370 0 0 148 66 0 0 0 0
94 296 0 0 74 15 0 0 0 0
100 74 0 0 0 0 0 0 0 0
101 222 1 1 74 2 0 0 0 0
111 740 0 0 148 7 0 222 0 0
115 370 1 1 222 0 0 0 0 0
125 444 0 0 148 0 0 0 0 0
133 74 0 0 74 0 0 0 0 0
141 296 0 0 74 0 0 0 0 0
145 222 0 0 74 3 0 0 0 0
149 222 0 0 148 0 0 0 0 0
fl=/build/glibc-9tT8Do/glibc-2.23/elf/../elf/dl-sysdep.c
fn=_dl_sysdep_start
86 8 1 1 0 0 0 6 1 1
110 1 0 0 0 0 0 1 0 0
111 233 1 1 76 9 9 4 3 3
114 2 0 0 0 0 0 1 0 0
115 1 0 0 0 0 0 1 0 0
117 132 5 5 34 6 6 17 1 1
118 107 0 0 18 2 2 0 0 0
121 1 0 0 1 0 0 0 0 0
122 1 0 0 0 0 0 0 0 0
124 1 0 0 1 0 0 0 0 0
125 1 0 0 0 0 0 0 0 0
127 1 1 1 1 0 0 0 0 0
128 2 0 0 0 0 0 0 0 0
130 1 0 0 1 0 0 0 0 0
131 2 0 0 0 0 0 0 0 0
151 1 0 0 1 0 0 0 0 0
152 2 0 0 0 0 0 0 0 0
154 1 0 0 1 0 0 0 0 0
155 2 0 0 0 0 0 0 0 0
157 2 1 1 1 0 0 1 0 0
158 2 0 0 0 0 0 0 0 0
163 2 1 1 1 0 0 1 0 0
164 2 0 0 0 0 0 1 0 0
179 2 1 1 1 0 0 1 0 0
180 2 0 0 0 0 0 1 0 0
231 2 0 0 0 0 0 0 0 0
232 2 0 0 0 0 0 2 0 0
234 5 0 0 0 0 0 1 0 0
246 3 1 1 1 0 0 0 0 0
249 5 0 0 1 0 0 1 0 0
250 1 1 0 1 1 0 0 0 0
251 8 0 0 7 1 0 0 0 0
fn=_dl_sysdep_start_cleanup
256 1 0 0 1 0 0 0 0 0
fl=/build/glibc-9tT8Do/glibc-2.23/elf/../misc/sbrk.c
fn=sbrk
34 4 0 0 0 0 0 2 0 0
42 6 1 1 2 1 1 0 0 0
46 2 0 0 0 0 0 0 0 0
62 5 0 0 3 0 0 0 0 0
fl=/build/glibc-9tT8Do/glibc-2.23/elf/../sysdeps/posix/dl-fileid.h
fn=_dl_map_object_from_fd
37 30 1 1 0 0 0 5 0 0
40 5 0 0 5 0 0 0 0 0
41 10 0 0 5 1 1 5 0 0
49 60 0 0 30 1 1 0 0 0
fl=/build/glibc-9tT8Do/glibc-2.23/elf/../sysdeps/unix/sysv/linux/dl-osinfo.h
fn=dl_main
77 1 0 0 1 0 0 0 0 0
fl=/build/glibc-9tT8Do/glibc-2.23/elf/../sysdeps/unix/sysv/linux/dl-sysdep.c
fn=_dl_discover_osversion
45 7 1 1 0 0 0 6 0 0
47 3 1 1 1 0 0 0 0 0
87 5 1 1 0 0 0 1 1 1
102 1 0 0 0 0 0 0 0 0
106 1 0 0 0 0 0 0 0 0
107 1 0 0 0 0 0 0 0 0
109 12 0 0 3 1 1 0 0 0
111 6 0 0 0 0 0 0 0 0
113 12 0 0 3 0 0 0 0 0
119 3 0 0 0 0 0 0 0 0
120 3 1 1 0 0 0 0 0 0
121 3 0 0 0 0 0 0 0 0
123 13 0 0 0 0 0 0 0 0
128 2 0 0 0 0 0 0 0 0
132 8 1 1 7 0 0 0 0 0
fn=_dl_sysdep_start
35 2 1 1 0 0 0 1 0 0
fl=/build/glibc-9tT8Do/glibc-2.23/elf/../sysdeps/unix/sysv/linux/dl-vdso.c
fn=_dl_vdso_vsym
27 8 1 1 8 1 0 0 0 0
28 8 1 1 4 0 0 0 0 0
31 8 0 0 0 0 0 0 0 0
fl=/build/glibc-9tT8Do/glibc-2.23/elf/../sysdeps/unix/sysv/linux/x86_64/brk.c
fn=brk
31 7 1 1 0 0 0 1 1 1
33 2 1 1 0 0 0 0 0 0
39 1 0 0 0 0 0 0 0 0
40 1 0 0 1 0 0 0 0 0
fl=/build/glibc-9tT8Do/glibc-2.23/elf/../sysdeps/x86/cpu-features.c
fn=_dl_sysdep_start
29 5 1 1 0 0 0 3 0 0
32 1 1 1 0 0 0 1 0 0
33 3 0 0 0 0 0 0 0 0
34 3 0 0 0 0 0 0 0 0
35 3 0 0 0 0 0 0 0 0
36 2 0 0 0 0 0 0 0 0
41 2 0 0 0 0 0 0 0 0
61 3 0 0 0 0 0 1 0 0
64 10 1 1 0 0 0 0 0 0
68 3 0 0 0 0 0 0 0 0
73 3 0 0 0 0 0 0 0 0
76 1 0 0 0 0 0 0 0 0
77 8 1 1 1 1 1 0 0 0
112 2 1 1 1 0 0 0 0 0
134 2 1 1 1 1 1 0 0 0
175 3 1 1 1 0 0 0 0 0
176 1 0 0 1 0 0 0 0 0
179 2 0 0 0 0 0 0 0 0
180 1 0 0 1 0 0 0 0 0
182 2 0 0 1 0 0 0 0 0
183 7 1 1 0 0 0 4 0 0
190 3 0 0 1 0 0 0 0 0
194 2 0 0 0 0 0 0 0 0
196 4 0 0 0 0 0 0 0 0
200 2 1 1 0 0 0 0 0 0
201 1 0 0 1 0 0 0 0 0
207 3 0 0 1 0 0 0 0 0
212 3 1 1 0 0 0 0 0 0
228 2 0 0 0 0 0 0 0 0
231 2 0 0 1 0 0 0 0 0
247 4 2 2 0 0 0 0 0 0
248 4 0 0 0 0 0 0 0 0
249 4 0 0 0 0 0 0 0 0
250 2 1 1 0 0 0 0 0 0
251 4 1 1 0 0 0 1 0 0
258 1 0 0 0 0 0 1 0 0
259 1 0 0 0 0 0 1 0 0
260 1 0 0 0 0 0 1 0 0
fl=/build/glibc-9tT8Do/glibc-2.23/elf/../sysdeps/x86_64/dl-irel.h
fn=_dl_fixup
32 2 1 1 0 0 0 1 0 0
fl=/build/glibc-9tT8Do/glibc-2.23/elf/../sysdeps/x86_64/dl-machine.h
fn=_dl_fixup
235 74 0 0 0 0 0 74 0 0
fn=_dl_relocate_object
76 42 1 1 7 0 0 0 0 0
82 12 0 0 12 5 0 0 0 0
86 18 0 0 6 6 5 0 0 0
92 6 0 0 0 0 0 6 0 0
100 18 0 0 6 0 0 0 0 0
102 6 0 0 6 1 0 0 0 0
120 12 1 1 0 0 0 0 0 0
123 30 2 2 0 0 0 6 0 0
129 27 0 0 7 6 0 0 0 0
269 6450 1 1 0 0 0 0 0 0
290 6450 0 0 0 0 0 0 0 0
294 6450 0 0 0 0 0 0 0 0
301 151743 14 14 31632 1704 1271 19313 5 0
303 16040 0 0 6410 5 1 0 0 0
306 12820 0 0 3205 0 0 0 0 0
312 19350 1 1 3225 6 3 0 0 0
345 6 1 1 0 0 0 0 0 0
346 9 0 0 3 2 0 3 1 1
353 6 0 0 2 0 0 0 0 0
364 8 0 0 4 0 0 2 0 0
407 45 2 2 15 0 0 0 0 0
411 75 0 0 15 1 0 0 0 0
425 75 0 0 30 1 1 15 7 7
435 9612 1 1 3204 400 400 3204 1105 416
447 18 0 0 0 0 0 6 0 0
474 3 1 1 1 0 0 0 0 0
478 7 1 1 3 1 0 2 0 0
480 4 0 0 3 0 0 0 0 0
481 1 0 0 0 0 0 0 0 0
512 5820 0 0 1940 487 485 0 0 0
517 3880 0 0 0 0 0 0 0 0
518 5820 0 0 1940 244 244 1940 442 436
528 1772 0 0 897 0 0 0 0 0
532 1750 0 0 0 0 0 0 0 0
534 2625 0 0 875 0 0 0 0 0
535 875 0 0 875 111 109 0 0 0
554 66 0 0 44 0 0 22 0 0
555 22 0 0 0 0 0 22 0 0
fn=_dl_start
59 3 0 0 1 1 1 0 0 0
266 6 0 0 0 0 0 0 0 0
294 12 0 0 0 0 0 0 0 0
303 24 0 0 12 2 2 0 0 0
306 24 0 0 6 4 4 0 0 0
312 37 0 0 6 1 1 0 0 0
425 12 0 0 6 0 0 6 1 1
517 20 0 0 10 1 1 0 0 0
518 30 0 0 10 2 2 10 2 2
fn=_dl_sysdep_start
223 5 0 0 2 1 1 0 0 0
fl=/build/glibc-9tT8Do/glibc-2.23/elf/../sysdeps/x86_64/dl-trampoline.h
fn=_dl_runtime_resolve_avx
64 74 1 1 0 0 0 74 0 0
67 74 0 0 0 0 0 0 0 0
69 74 0 0 0 0 0 0 0 0
71 74 0 0 0 0 0 0 0 0
74 74 0 0 0 0 0 74 0 0
75 74 0 0 0 0 0 74 0 0
76 74 1 1 0 0 0 74 0 0
77 74 0 0 0 0 0 74 0 0
78 74 0 0 0 0 0 74 0 0
79 74 0 0 0 0 0 74 0 0
80 74 0 0 0 0 0 74 0 0
81 74 0 0 0 0 0 74 1 0
82 74 0 0 0 0 0 74 1 0
83 74 0 0 0 0 0 74 1 0
84 74 0 0 0 0 0 74 0 0
85 74 1 1 0 0 0 74 1 0
86 74 0 0 0 0 0 74 1 0
87 74 0 0 0 0 0 74 1 0
88 74 0 0 0 0 0 74 0 0
93 74 0 0 0 0 0 0 0 0
94 74 0 0 0 0 0 0 0 0
95 74 0 0 0 0 0 0 0 0
96 74 1 1 0 0 0 0 0 0
110 74 0 0 74 0 0 0 0 0
111 74 0 0 74 0 0 0 0 0
112 74 0 0 0 0 0 74 1 0
113 74 0 0 0 0 0 0 0 0
118 74 0 0 0 0 0 0 0 0
119 74 0 0 0 0 0 0 0 0
120 74 0 0 0 0 0 0 0 0
121 74 0 0 0 0 0 0 0 0
134 74 1 1 74 0 0 0 0 0
135 74 0 0 74 0 0 0 0 0
136 74 0 0 74 0 0 0 0 0
137 74 0 0 74 0 0 0 0 0
138 74 0 0 74 0 0 0 0 0
139 74 0 0 74 0 0 0 0 0
140 74 0 0 74 0 0 0 0 0
141 74 0 0 74 0 0 0 0 0
142 74 0 0 74 0 0 0 0 0
143 74 1 1 74 0 0 0 0 0
144 74 0 0 74 0 0 0 0 0
145 74 0 0 74 0 0 0 0 0
146 74 0 0 74 0 0 0 0 0
147 74 0 0 74 0 0 0 0 0
148 74 0 0 74 0 0 0 0 0
150 74 0 0 0 0 0 0 0 0
152 74 0 0 74 0 0 0 0 0
156 74 0 0 0 0 0 0 0 0
159 74 0 0 0 0 0 0 0 0
fl=/build/glibc-9tT8Do/glibc-2.23/elf/./dl-load.h
fn=_dl_map_object_from_fd
90 20 0 0 0 0 0 0 0 0
91 15 0 0 10 0 0 5 0 0
93 20 0 0 10 1 1 0 0 0
94 20 1 1 12 0 0 0 0 0
95 44 0 0 12 0 0 0 0 0
98 16 1 1 0 0 0 4 0 0
fl=/build/glibc-9tT8Do/glibc-2.23/elf/./dl-map-segments.h
fn=_dl_map_object_from_fd
56 55 0 0 20 0 0 15 1 1
60 15 1 1 5 0 0 0 0 0
63 15 0 0 5 0 0 5 0 0
64 10 0 0 0 0 0 5 0 0
66 10 0 0 5 0 0 0 0 0
72 35 1 1 10 0 0 5 0 0
73 20 1 1 10 0 0 0 0 0
76 10 1 1 10 0 0 0 0 0
86 50 1 1 10 0 0 0 0 0
88 20 0 0 10 0 0 0 0 0
90 70 1 1 25 0 0 10 0 0
100 40 0 0 20 0 0 0 0 0
106 10 0 0 5 0 0 0 0 0
107 5 0 0 0 0 0 0 0 0
108 25 0 0 5 0 0 0 0 0
109 10 0 0 0 0 0 0 0 0
116 10 0 0 0 0 0 0 0 0
119 10 1 1 0 0 0 0 0 0
127 60 1 1 15 0 0 20 0 0
133 10 0 0 0 0 0 0 0 0
137 18 1 1 0 0 0 4 0 0
140 6 0 0 2 0 0 0 0 0
145 10 1 1 0 0 0 0 0 0
fl=/build/glibc-9tT8Do/glibc-2.23/elf/dl-addr.c
fn=_dl_addr
30 2 0 0 1 0 0 1 0 0
31 2 0 0 1 0 0 1 0 0
34 2 1 1 1 0 0 0 0 0
38 1 0 0 1 0 0 0 0 0
39 1 0 0 1 0 0 0 0 0
40 3 0 0 2 0 0 1 0 0
42 2 0 0 2 0 0 0 0 0
45 2 0 0 1 1 0 0 0 0
50 2030 1 1 2 0 0 0 0 0
52 1011 0 0 1011 62 22 0 0 0
53 2022 0 0 0 0 0 0 0 0
55 3628 0 0 907 0 0 0 0 0
61 11175 1 1 2235 481 438 0 0 0
63 8940 0 0 2235 0 0 0 0 0
64 16328 1 1 5110 356 325 0 0 0
69 2235 0 0 0 0 0 0 0 0
71 9044 1 1 2235 136 84 0 0 0
99 3 0 0 1 1 0 0 0 0
100 1 0 0 0 0 0 1 1 0
101 3 0 0 1 1 0 0 0 0
104 2 0 0 0 0 0 0 0 0
116 1 1 1 0 0 0 1 0 0
117 1 0 0 0 0 0 1 0 0
126 11 2 2 0 0 0 8 0 0
131 3 0 0 2 0 0 1 0 0
133 2 0 0 0 0 0 1 0 0
135 2 0 0 0 0 0 0 0 0
138 2 0 0 0 0 0 0 0 0
141 2 1 1 1 1 0 1 0 0
144 9 0 0 7 0 0 0 0 0
fl=/build/glibc-9tT8Do/glibc-2.23/elf/dl-altinit.c
fn=dlinit_alt
33 3 1 1 2 0 0 0 0 0
34 1 0 0 1 0 0 0 0 0
fl=/build/glibc-9tT8Do/glibc-2.23/elf/dl-cache.c
fn=_dl_cache_libcmp
138 108 1 1 72 27 27 0 0 0
139 394 0 0 0 0 0 0 0 0
141 579 0 0 0 0 0 0 0 0
143 201 0 0 0 0 0 0 0 0
149 8 0 0 0 0 0 0 0 0
150 8 1 1 0 0 0 0 0 0
151 20 0 0 4 0 0 0 0 0
153 20 0 0 4 0 0 0 0 0
155 8 0 0 0 0 0 0 0 0
161 378 1 1 0 0 0 0 0 0
163 692 0 0 314 1 1 0 0 0
164 64 0 0 32 0 0 0 0 0
167 157 0 0 0 0 0 0 0 0
168 157 0 0 0 0 0 0 0 0
171 12 0 0 4 0 0 0 0 0
fn=_dl_load_cache_lookup
185 36 2 2 0 0 0 24 0 0
193 8 0 0 4 0 0 0 0 0
196 12 0 0 4 0 0 0 0 0
199 5 1 1 0 0 0 1 0 0
207 5 1 1 1 0 0 0 0 0
208 6 0 0 0 0 0 1 0 0
212 1 0 0 0 0 0 1 0 0
215 4 1 1 1 0 0 0 0 0
218 2 0 0 0 0 0 1 0 0
219 3 0 0 0 0 0 0 0 0
220 6 0 0 0 0 0 1 0 0
241 12 0 0 6 0 0 0 0 0
247 8 1 1 0 0 0 0 0 0
256 20 0 0 0 0 0 8 0 0
262 16 0 0 0 0 0 8 0 0
266 16 1 1 8 0 0 8 0 0
281 868 8 8 164 24 24 84 0 0
297 8 1 1 4 0 0 0 0 0
301 8 0 0 4 0 0 0 0 0
309 36 0 0 4 0 0 4 0 0
310 12 1 1 0 0 0 4 0 0
311 8 0 0 0 0 0 4 0 0
312 32 0 0 28 0 0 0 0 0
fn=_dl_unload_cache
321 1 0 0 0 0 0 0 0 0
322 4 2 2 1 1 0 0 0 0
324 2 0 0 1 0 0 1 0 0
325 1 0 0 0 0 0 1 0 0
327 2 0 0 1 0 0 0 0 0
fl=/build/glibc-9tT8Do/glibc-2.23/elf/dl-debug.c
fn=_dl_debug_initialize
50 14 1 1 0 0 0 0 0 0
51 7 1 1 7 0 0 0 0 0
55 26 1 1 7 0 0 0 0 0
58 1 0 0 0 0 0 1 0 0
59 2 0 0 0 0 0 1 0 0
60 5 0 0 1 0 0 1 0 0
61 2 0 0 0 0 0 1 0 0
64 1 0 0 1 0 0 0 0 0
fn=_dl_debug_state
74 2 0 0 2 0 0 0 0 0
fl=/build/glibc-9tT8Do/glibc-2.23/elf/dl-deps.c
fn=_dl_map_object_deps
144 4 0 0 0 0 0 2 0 0
145 2 0 0 0 0 0 2 0 0
146 7 0 0 0 0 0 2 0 0
152 9 1 1 2 0 0 3 0 0
160 11 1 1 0 0 0 9 0 0
161 9 2 2 0 0 0 0 0 0
178 14 1 1 1 0 0 1 0 0
179 2 0 0 1 0 0 0 0 0
182 3 0 0 0 0 0 2 0 0
188 2 0 0 0 0 0 2 0 0
189 1 0 0 0 0 0 1 0 0
201 2 1 1 1 0 0 1 0 0
202 2 0 0 0 0 0 1 0 0
203 1 0 0 0 0 0 1 0 0
204 2 0 0 0 0 0 2 0 0
209 9 1 1 0 0 0 8 0 0
210 4 0 0 0 0 0 0 0 0
213 7 0 0 0 0 0 7 0 0
217 14 0 0 7 0 0 0 0 0
218 46 2 2 20 1 1 0 0 0
220 5 0 0 0 0 0 0 0 0
222 20 0 0 10 0 0 5 0 0
224 30 1 1 2 0 0 6 0 0
229 22 2 2 11 1 0 0 0 0
231 15 0 0 10 0 0 5 0 0
236 5 0 0 0 0 0 5 0 0
237 5 0 0 0 0 0 5 0 0
238 10 0 0 5 0 0 5 0 0
239 10 0 0 5 0 0 5 0 0
242 572 1 1 148 1 0 0 0 0
243 266 1 1 0 0 0 0 0 0
249 70 0 0 20 0 0 10 0 0
251 10 0 0 0 0 0 10 0 0
254 60 1 1 40 0 0 10 0 0
256 30 0 0 10 0 0 0 0 0
271 10 0 0 10 0 0 0 0 0
273 20 0 0 10 0 0 0 0 0
278 15 0 0 0 0 0 0 0 0
281 5 0 0 0 0 0 5 0 0
282 5 0 0 0 0 0 5 0 0
283 5 0 0 0 0 0 5 0 0
284 10 0 0 5 0 0 5 0 0
286 5 1 1 5 0 0 0 0 0
288 30 0 0 5 0 0 10 0 0
292 30 0 0 10 0 0 0 0 0
293 24 0 0 0 0 0 8 0 0
295 369 1 1 0 0 0 0 0 0
317 9 1 1 0 0 0 4 0 0
338 12 2 2 0 0 0 6 0 0
459 21 1 1 7 0 0 0 0 0
461 15 0 0 0 0 0 5 0 0
463 20 1 1 0 0 0 5 0 0
465 10 0 0 0 0 0 0 0 0
468 5 0 0 0 0 0 5 2 2
469 25 0 0 5 0 0 5 0 0
470 25 0 0 0 0 0 5 0 0
473 5 0 0 0 0 0 5 0 0
474 5 0 0 5 0 0 0 0 0
478 40 1 1 20 0 0 0 0 0
480 7 1 1 7 0 0 0 0 0
481 33 0 0 7 0 0 0 0 0
485 6 1 1 2 0 0 0 0 0
486 1 0 0 0 0 0 1 0 0
489 5 0 0 2 0 0 1 0 0
499 5 1 1 1 0 0 1 0 0
502 2 0 0 0 0 0 0 0 0
507 9 1 1 3 0 0 1 0 0
508 9 0 0 7 0 0 1 0 0
510 21 0 0 7 0 0 0 0 0
516 21 0 0 0 0 0 7 1 1
520 21 1 1 21 0 0 0 0 0
523 3 0 0 1 0 0 1 0 0
574 3 0 0 2 0 0 0 0 0
575 1 0 0 0 0 0 1 0 0
576 3 1 1 1 0 0 0 0 0
611 8 2 2 1 0 0 2 0 0
613 2 0 0 0 0 0 0 0 0
614 1 0 0 0 0 0 1 0 0
617 16 1 1 0 0 0 1 0 0
618 5 1 1 0 0 0 0 0 0
619 5 0 0 1 0 0 1 0 0
623 32 0 0 8 0 0 16 0 0
624 16 0 0 8 0 0 0 0 0
630 61 0 0 8 0 0 0 0 0
632 68 1 1 34 0 0 0 0 0
633 46 0 0 0 0 0 0 0 0
635 117 0 0 39 0 0 0 0 0
636 87 0 0 0 0 0 0 0 0
640 20 1 1 0 0 0 12 0 0
642 2 0 0 0 0 0 2 0 0
644 18 0 0 12 0 0 0 0 0
651 14 0 0 0 0 0 8 0 0
653 8 1 1 6 0 0 2 0 0
655 8 0 0 5 0 0 0 0 0
658 15 1 1 0 0 0 0 0 0
661 22 1 1 6 0 0 0 0 0
664 70 1 1 15 0 0 15 0 0
671 2 0 0 1 0 0 1 0 0
673 2 0 0 1 0 0 1 0 0
674 1 1 1 1 0 0 0 0 0
675 3 0 0 1 0 0 0 0 0
682 3 0 0 1 0 0 0 0 0
685 3 1 1 1 0 0 0 0 0
688 8 0 0 7 0 0 0 0 0
fn=openaux
60 20 1 1 0 0 0 10 0 0
63 120 1 1 50 0 0 20 0 0
67 10 0 0 10 0 0 0 0 0
68 20 0 0 20 0 0 0 0 0
fl=/build/glibc-9tT8Do/glibc-2.23/elf/dl-environ.c
fn=_dl_next_ld_env_entry
30 3 1 1 3 0 0 0 0 0
31 1 0 0 0 0 0 0 0 0
33 226 0 0 75 0 0 0 0 0
35 148 1 1 74 32 32 0 0 0
36 38 0 0 19 1 1 0 0 0
38 2 0 0 0 0 0 0 0 0
41 4 0 0 0 0 0 2 0 0
43 2 0 0 2 0 0 0 0 0
46 72 0 0 0 0 0 0 0 0
50 1 0 0 1 0 0 0 0 0
fl=/build/glibc-9tT8Do/glibc-2.23/elf/dl-error.c
fn=_dl_catch_error
163 44 1 1 0 0 0 33 0 0
175 22 0 0 0 0 0 22 4 4
176 22 1 1 0 0 0 22 0 0
177 22 0 0 0 0 0 22 0 0
178 22 0 0 0 0 0 11 0 0
180 11 0 0 11 0 0 11 1 1
181 22 0 0 11 0 0 11 0 0
182 33 0 0 0 0 0 22 0 0
185 66 1 1 0 0 0 11 0 0
187 33 0 0 22 0 0 11 0 0
188 33 0 0 22 0 0 11 0 0
189 22 0 0 11 0 0 11 0 0
190 22 0 0 11 0 0 11 0 0
191 22 1 1 11 0 0 11 0 0
199 44 0 0 22 0 0 0 0 0
fn=_dl_receive_error
205 10 1 1 0 0 0 6 0 0
206 2 0 0 1 0 0 1 0 0
210 1 0 0 1 0 0 0 0 0
211 1 0 0 1 0 0 0 0 0
214 1 0 0 0 0 0 1 0 0
215 1 0 0 0 0 0 1 0 0
217 2 0 0 0 0 0 1 0 0
219 1 0 0 0 0 0 1 0 0
220 1 0 0 0 0 0 1 0 0
221 8 1 1 7 0 0 0 0 0
fl=/build/glibc-9tT8Do/glibc-2.23/elf/dl-hwcaps.c
fn=_dl_important_hwcaps
39 12 2 2 0 0 0 10 2 2
41 1 0 0 1 0 0 0 0 0
42 3 0 0 0 0 0 0 0 0
51 3 0 0 1 0 0 0 0 0
61 4 1 1 1 0 0 1 0 0
113 1 1 1 0 0 0 0 0 0
115 5 2 2 0 0 0 1 0 0
130 10 0 0 0 0 0 1 0 0
131 1 0 0 0 0 0 0 0 0
162 2 1 1 0 0 0 0 0 0
170 3 1 1 1 0 0 0 0 0
172 2 0 0 1 0 0 1 0 0
173 5 0 0 1 0 0 1 0 0
177 3 0 0 1 0 0 1 0 0
178 1 0 0 0 0 0 1 0 0
181 2 1 1 0 0 0 0 0 0
184 2 0 0 0 0 0 0 0 0
185 1 0 0 1 0 0 0 0 0
188 12 1 1 2 0 0 2 0 0
189 2 0 0 0 0 0 0 0 0
207 11 2 2 2 0 0 5 0 0
208 6 0 0 0 0 0 3 0 0
209 6 1 1 4 0 0 0 0 0
238 3 0 0 0 0 0 2 1 1
241 2 0 0 0 0 0 0 0 0
243 10 1 1 3 0 0 4 0 0
244 20 1 1 5 0 0 5 0 0
264 7 1 1 2 0 0 0 0 0
269 10 0 0 2 0 0 0 0 0
270 8 1 1 0 0 0 4 0 0
274 11 0 0 0 0 0 0 0 0
277 26 0 0 0 0 0 0 0 0
278 24 1 1 0 0 0 0 0 0
279 12 0 0 8 0 0 0 0 0
281 4 0 0 0 0 0 0 0 0
284 3 0 0 1 0 0 0 0 0
285 2 0 0 1 0 0 0 0 0
286 12 2 2 3 0 0 0 0 0
299 6 0 0 2 0 0 2 0 0
300 2 0 0 0 0 0 0 0 0
302 4 0 0 0 0 0 0 0 0
305 4 0 0 3 0 0 1 0 0
307 1 0 0 0 0 0 0 0 0
308 10 1 1 7 0 0 1 0 0
fl=/build/glibc-9tT8Do/glibc-2.23/elf/dl-init.c
fn=_dl_init
30 46 1 1 8 2 0 6 0 0
80 11 2 2 0 0 0 6 0 0
81 1 0 0 1 1 0 0 0 0
82 1 0 0 1 0 0 0 0 0
85 3 0 0 1 0 0 0 0 0
88 2 0 0 0 0 0 1 0 0
93 2 0 0 0 0 0 0 0 0
94 2 1 1 1 0 0 0 0 0
104 2 1 1 0 0 0 1 0 0
119 24 0 0 0 0 0 0 0 0
120 21 0 0 14 2 0 0 0 0
126 8 0 0 7 0 0 0 0 0
fn=call_init.part.0
28 35 0 0 0 0 0 35 0 0
36 21 0 0 7 0 0 7 0 0
39 28 0 0 14 8 0 0 0 0
40 3 0 0 0 0 0 0 0 0
44 42 1 1 6 4 0 0 0 0
45 3 1 1 1 0 0 0 0 0
49 10 0 0 5 0 0 0 0 0
58 35 0 0 15 10 0 5 0 0
62 10 0 0 0 0 0 0 0 0
68 15 0 0 10 2 0 0 0 0
70 10 1 1 10 1 0 0 0 0
71 59 0 0 0 0 0 0 0 0
72 85 0 0 17 6 0 17 0 0
74 42 0 0 42 1 0 0 0 0
fl=/build/glibc-9tT8Do/glibc-2.23/elf/dl-load.c
fn=_dl_init_paths
661 9 2 2 0 0 0 6 0 0
674 6 0 0 2 0 0 2 0 0
678 1 0 0 0 0 0 1 0 0
679 2 0 0 0 0 0 1 0 0
680 3 1 1 0 0 0 0 0 0
687 6 0 0 0 0 0 0 0 0
688 4 0 0 1 0 0 2 0 0
691 1 0 0 0 0 0 1 0 0
692 2 1 1 0 0 0 1 0 0
694 2 0 0 0 0 0 0 0 0
700 1 0 0 0 0 0 1 0 0
701 1 0 0 0 0 0 1 0 0
709 3 0 0 0 0 0 3 0 0
711 8 0 0 0 0 0 4 1 1
712 4 2 2 0 0 0 4 2 2
714 9 0 0 0 0 0 4 0 0
715 13 0 0 3 1 1 4 1 1
716 12 0 0 0 0 0 3 0 0
719 6 0 0 3 1 1 0 0 0
720 32 1 1 12 0 0 8 0 0
723 35 0 0 4 0 0 6 0 0
729 1 0 0 0 0 0 1 1 1
730 1 1 1 0 0 0 1 0 0
734 1 0 0 1 0 0 0 0 0
735 2 0 0 0 0 0 0 0 0
737 4 1 1 1 0 0 0 0 0
739 3 0 0 1 0 0 0 0 0
756 1 1 1 0 0 0 1 0 0
758 3 1 1 1 0 0 0 0 0
772 2 1 1 0 0 0 1 0 0
777 5 1 1 1 0 0 0 0 0
785 5 1 1 0 0 0 1 0 0
787 11 0 0 0 0 0 2 0 0
791 58 1 1 0 0 0 0 0 0
804 57 0 0 14 0 0 0 0 0
808 14 0 0 0 0 0 0 0 0
811 1 0 0 0 0 0 1 0 0
812 1 0 0 0 0 0 1 0 0
813 2 0 0 0 0 0 0 0 0
819 9 1 1 1 0 0 2 0 0
823 5 0 0 4 0 0 0 0 0
829 1 0 0 0 0 0 1 0 0
833 8 0 0 7 0 0 0 0 0
fn=_dl_map_object
372 5 1 1 0 0 0 1 0 0
376 2 0 0 0 0 0 1 0 0
638 42 1 1 14 0 0 0 0 0
641 4 0 0 0 0 0 0 0 0
644 6 1 1 2 0 0 0 0 0
647 4 2 2 0 0 0 2 0 0
2167 99 1 1 0 0 0 88 4 4
2169 5 0 0 0 0 0 5 0 0
2175 22 0 0 0 0 0 0 0 0
2176 44 1 1 11 0 0 0 0 0
2179 193 0 0 46 0 0 0 0 0
2184 287 1 1 41 0 0 0 0 0
2186 205 0 0 0 0 0 41 0 0
2190 70 0 0 35 0 0 0 0 0
2191 105 0 0 35 0 0 0 0 0
2194 17 0 0 17 0 0 0 0 0
2196 102 1 1 34 0 0 17 0 0
2213 25 1 1 10 0 0 5 0 0
2222 15 1 1 5 0 0 0 0 0
2256 5 0 0 0 0 0 5 1 1
2258 25 0 0 0 0 0 5 0 0
2262 16 1 1 0 0 0 8 0 0
2264 8 0 0 4 0 0 0 0 0
2271 16 1 1 4 0 0 0 0 0
2275 8 1 1 4 0 0 4 0 0
2280 30 1 1 6 0 0 4 0 0
2281 6 0 0 0 0 0 0 0 0
2283 36 1 1 0 0 0 12 0 0
2295 12 1 1 8 0 0 0 0 0
2296 32 0 0 8 0 0 4 0 0
2297 4 1 1 0 0 0 0 0 0
2306 8 0 0 4 0 0 0 0 0
2307 60 1 1 4 0 0 16 0 0
2313 20 0 0 4 0 0 0 0 0
2314 4 1 1 0 0 0 0 0 0
2322 4 0 0 0 0 0 4 0 0
2336 8 2 2 0 0 0 0 0 0
2338 12 0 0 4 0 0 0 0 0
2342 12 0 0 0 0 0 8 0 0
2344 8 0 0 0 0 0 0 0 0
2348 8 0 0 0 0 0 0 0 0
2356 12 0 0 4 0 0 0 0 0
2379 44 1 1 4 0 0 8 0 0
2383 16 0 0 8 0 0 0 0 0
2384 8 0 0 0 0 0 4 0 0
2401 8 1 1 4 0 0 0 0 0
2407 1 0 0 0 0 0 1 0 0
2409 2 0 0 0 0 0 0 0 0
2410 3 0 0 0 0 0 0 0 0
2414 10 1 1 0 0 0 2 0 0
2417 4 0 0 2 0 0 0 0 0
2429 15 0 0 0 0 0 0 0 0
2431 16 1 1 0 0 0 0 0 0
2475 10 0 0 5 0 0 5 0 0
2476 82 1 1 15 0 0 25 0 0
2478 88 0 0 77 0 0 0 0 0
fn=_dl_map_object_from_fd
871 75 2 2 0 0 0 55 2 2
881 20 0 0 5 0 0 10 1 1
882 5 0 0 0 0 0 5 0 0
897 100 1 1 35 0 0 0 0 0
898 40 0 0 20 0 0 0 0 0
915 10 1 1 5 0 0 0 0 0
939 10 0 0 5 0 0 0 0 0
949 10 0 0 5 0 0 0 0 0
971 20 1 1 10 0 0 0 0 0
1003 10 0 0 0 0 0 0 0 0
1006 40 1 1 25 0 0 5 0 0
1007 10 0 0 0 0 0 0 0 0
1018 15 0 0 10 0 0 5 3 3
1019 20 1 1 10 0 0 10 0 0
1020 10 1 1 5 0 0 5 0 0
1022 20 0 0 0 0 0 0 0 0
1023 20 0 0 10 0 0 0 0 0
1024 5 0 0 0 0 0 0 0 0
1041 5 0 0 0 0 0 5 0 0
1043 50 1 1 0 0 0 10 0 0
1051 319 0 0 0 0 0 0 0 0
1052 288 2 2 38 0 0 0 0 0
1058 10 0 0 5 0 0 5 0 0
1059 15 0 0 5 0 0 5 0 0
1060 5 0 0 0 0 0 0 0 0
1063 2 0 0 1 0 0 1 0 0
1064 1 0 0 0 0 0 0 0 0
1069 50 1 1 20 0 0 0 0 0
1074 80 1 1 20 0 0 0 0 0
1082 40 0 0 0 0 0 0 0 0
1083 40 0 0 0 0 0 10 4 4
1084 50 0 0 10 0 0 10 0 0
1085 10 1 1 0 0 0 10 2 2
1086 20 0 0 10 0 0 10 0 0
1087 20 0 0 0 0 0 10 2 2
1091 20 0 0 0 0 0 0 0 0
1092 30 0 0 15 0 0 5 0 0
1096 90 1 1 10 0 0 10 0 0
1107 10 0 0 0 0 0 0 0 0
1110 6 1 1 2 0 0 0 0 0
1114 2 0 0 0 0 0 2 2 2
1115 6 0 0 4 0 0 2 0 0
1116 4 0 0 0 0 0 0 0 0
1119 6 0 0 0 0 0 2 0 0
1120 4 0 0 2 0 0 2 0 0
1123 2 0 0 0 0 0 2 1 1
1127 8 0 0 2 0 0 0 0 0
1133 6 0 0 2 0 0 4 0 0
1134 2 0 0 0 0 0 0 0 0
1138 40 1 1 5 0 0 15 0 0
1146 10 0 0 0 0 0 5 0 0
1189 10 1 1 5 0 0 5 0 0
1190 5 0 0 0 0 0 0 0 0
1193 8 1 1 4 0 0 4 0 0
1194 12 0 0 8 0 0 4 0 0
1195 4 0 0 0 0 0 0 0 0
1198 15 0 0 5 0 0 0 0 0
1207 10 0 0 0 0 0 0 0 0
1217 45 1 1 20 0 0 5 0 0
1229 20 1 1 10 0 0 0 0 0
1233 8 1 1 4 0 0 0 0 0
1238 15 0 0 5 0 0 5 0 0
1245 10 0 0 0 0 0 0 0 0
1260 15 1 1 5 0 0 0 0 0
1279 10 0 0 5 0 0 5 0 0
1281 25 0 0 10 0 0 0 0 0
1335 15 1 1 5 3 3 0 0 0
1336 4 0 0 2 0 0 2 0 0
1339 20 0 0 5 0 0 5 0 0
1348 10 0 0 5 0 0 0 0 0
1350 20 0 0 10 0 0 5 0 0
1352 10 1 1 5 0 0 0 0 0
1368 10 0 0 0 0 0 5 0 0
1372 10 0 0 5 0 0 0 0 0
1373 10 0 0 5 0 0 0 0 0
1390 10 1 1 5 0 0 0 0 0
1391 2 0 0 0 0 0 1 0 0
1394 15 0 0 5 0 0 10 0 0
1399 10 0 0 5 0 0 0 0 0
1409 10 1 1 5 0 0 0 0 0
1419 15 0 0 5 0 0 5 0 0
1423 20 0 0 5 0 0 0 0 0
1443 40 0 0 35 0 0 0 0 0
fn=fillin_rpath
372 5 1 1 0 0 0 1 0 0
376 3 0 0 0 0 0 1 0 0
433 17 2 2 0 0 0 12 0 0
435 1 0 0 0 0 0 0 0 0
438 9 0 0 0 0 0 2 0 0
444 3 0 0 0 0 0 1 0 0
448 2 0 0 0 0 0 0 0 0
455 8 2 2 1 0 0 0 0 0
460 3 0 0 0 0 0 1 0 0
463 3 1 1 1 0 0 0 0 0
470 15 0 0 5 0 0 0 0 0
471 8 1 1 4 0 0 0 0 0
489 4 2 2 1 0 0 1 0 0
492 5 0 0 1 0 0 2 0 0
493 2 1 1 1 0 0 0 0 0
495 3 0 0 1 0 0 0 0 0
499 1 0 0 0 0 0 1 1 1
500 1 0 0 0 0 0 0 0 0
501 4 0 0 0 0 0 2 0 0
502 1 0 0 0 0 0 1 0 0
504 2 1 1 1 0 0 0 0 0
510 4 0 0 1 0 0 0 0 0
511 18 2 2 1 0 0 0 0 0
512 11 1 1 0 0 0 4 0 0
514 2 1 1 1 0 0 1 0 0
515 3 0 0 1 0 0 0 0 0
520 2 0 0 0 0 0 1 0 0
522 3 0 0 1 0 0 1 0 0
523 1 0 0 0 0 0 1 0 0
526 2 1 1 0 0 0 1 0 0
528 4 0 0 2 0 0 1 0 0
532 1 0 0 0 0 0 1 0 0
535 9 0 0 7 0 0 0 0 0
fn=open_path
2018 32 1 1 0 0 0 24 0 0
2019 8 0 0 4 0 0 4 1 1
2022 4 0 0 0 0 0 4 0 0
2023 4 0 0 0 0 0 4 0 0
2025 8 0 0 0 0 0 0 0 0
2030 68 1 1 8 0 0 28 0 0
2033 4 0 0 4 0 0 0 0 0
2042 8 1 1 4 0 0 0 0 0
2049 20 0 0 8 0 0 8 1 1
2050 87 1 1 7 0 0 0 0 0
2053 32 1 1 16 0 0 0 0 0
2056 14 0 0 0 0 0 0 0 0
2057 56 1 1 35 0 0 14 0 0
2058 28 0 0 7 0 0 0 0 0
2063 14 0 0 7 0 0 0 0 0
2064 3 1 1 0 0 0 0 0 0
2066 70 1 1 35 0 0 14 0 0
2068 35 0 0 21 0 0 0 0 0
2070 8 0 0 0 0 0 0 0 0
2075 8 1 1 4 0 0 0 0 0
2076 36 0 0 16 0 0 0 0 0
2082 20 2 2 4 0 0 8 0 0
2084 24 0 0 4 0 0 4 0 0
2085 2 0 0 1 1 1 0 0 0
2087 17 0 0 0 0 0 4 0 0
2094 24 0 0 4 0 0 0 0 0
2096 6 1 1 0 0 0 0 0 0
2104 16 0 0 4 0 0 4 0 0
2132 4 0 0 0 0 0 0 0 0
2135 28 1 1 4 0 0 0 0 0
2140 4 0 0 4 0 0 0 0 0
2142 16 1 1 12 0 0 0 0 0
2145 12 0 0 4 0 0 0 0 0
2159 32 0 0 28 0 0 0 0 0
fn=open_verify.constprop.7
1695 168 1 1 12 0 0 108 3 3
1734 58 0 0 12 0 0 0 0 0
1765 60 1 1 0 0 0 24 2 2
1767 29 0 0 0 0 0 0 0 0
1777 5 0 0 0 0 0 5 0 0
1778 10 0 0 0 0 0 5 0 0
1783 40 1 1 10 0 0 10 0 0
1785 10 0 0 0 0 0 0 0 0
1787 15 0 0 5 0 0 5 0 0
1789 10 0 0 0 0 0 0 0 0
1795 10 0 0 0 0 0 0 0 0
1804 6 2 2 3 0 0 0 0 0
1811 93 4 4 13 0 0 13 0 0
1885 10 0 0 5 0 0 0 0 0
1890 10 0 0 5 0 0 0 0 0
1892 20 0 0 5 0 0 0 0 0
1898 10 0 0 0 0 0 0 0 0
1909 10 0 0 5 1 1 0 0 0
1915 30 1 1 5 0 0 0 0 0
1916 20 0 0 5 0 0 0 0 0
1917 15 0 0 5 0 0 5 0 0
1937 262 2 2 34 0 0 0 0 0
1939 87 1 1 41 5 5 0 0 0
1943 20 0 0 10 0 0 0 0 0
1944 15 0 0 5 0 0 0 0 0
1953 42 1 1 0 0 0 7 0 0
1956 35 0 0 10 0 0 0 0 0
1960 15 0 0 0 0 0 0 0 0
1965 2 0 0 0 0 0 0 0 0
1966 2 0 0 0 0 0 0 0 0
1969 4 0 0 0 0 0 0 0 0
1972 14 0 0 6 0 0 0 0 0
1975 6 0 0 2 0 0 0 0 0
1976 10 0 0 2 0 0 0 0 0
1981 7 1 1 0 0 0 0 0 0
2004 96 1 1 84 0 0 0 0 0
fl=/build/glibc-9tT8Do/glibc-2.23/elf/dl-lookup.c
fn=_dl_lookup_symbol_x
568 376848 1 1 92128 1845 1574 2084 0 0
569 360176 0 0 0 0 0 0 0 0
806 31260 1 1 2084 0 0 18756 12 0
808 4168 0 0 0 0 0 2084 0 0
809 4168 0 0 0 0 0 4168 0 0
812 2084 0 0 2084 6 0 0 0 0
816 8294 1 1 2063 0 0 0 0 0
820 14588 0 0 4168 0 0 6252 0 0
821 4168 0 0 0 0 0 0 0 0
823 4168 0 0 4168 4 0 0 0 0
827 6352 1 1 20 0 0 0 0 0
829 29176 2 2 14588 0 0 14588 8 0
832 6252 0 0 0 0 0 0 0 0
835 20 0 0 0 0 0 0 0 0
858 4168 0 0 2084 0 0 0 0 0
860 140 1 1 40 0 0 0 0 0
876 20 0 0 0 0 0 20 0 0
877 40 0 0 0 0 0 0 0 0
880 2064 0 0 2064 0 0 0 0 0
881 14448 0 0 4128 0 0 0 0 0
912 2064 1 1 0 0 0 0 0 0
921 10320 0 0 2064 0 0 0 0 0
935 6192 0 0 2064 12 0 0 0 0
936 2 1 1 0 0 0 1 0 0
938 8256 0 0 4128 0 0 0 0 0
943 2064 1 1 0 0 0 2064 0 0
945 16672 0 0 14588 0 0 0 0 0
fn=_dl_setup_hash
956 21 1 1 7 0 0 0 0 0
960 7 0 0 7 0 0 0 0 0
964 14 0 0 7 7 7 7 0 0
965 7 0 0 7 0 0 0 0 0
966 7 0 0 7 2 2 0 0 0
968 21 0 0 0 0 0 0 0 0
969 7 0 0 0 0 0 7 0 0
970 21 0 0 7 0 0 7 0 0
972 7 1 1 0 0 0 7 0 0
973 14 0 0 0 0 0 0 0 0
975 7 0 0 0 0 0 7 0 0
977 21 0 0 0 0 0 7 0 0
978 7 0 0 7 0 0 0 0 0
fn=check_match
92 16512 1 1 4128 30 8 8256 7 0
95 14448 0 0 4128 232 180 0 0 0
107 12384 1 1 2064 0 0 2064 14 0
110 8472 0 0 72 0 0 36 0 0
114 2064 1 1 2064 5 0 0 0 0
115 4128 0 0 0 0 0 0 0 0
117 4126 0 0 0 0 0 0 0 0
136 4126 0 0 4126 24 4 0 0 0
137 16504 0 0 6189 14 0 0 0 0
138 12378 2 2 4126 8 0 2063 0 0
165 2 0 0 0 0 0 0 0 0
167 6 0 0 2 1 0 0 0 0
168 4 0 0 0 0 0 0 0 0
176 2064 0 0 0 0 0 0 0 0
183 12384 1 1 10320 0 0 0 0 0
fn=do_lookup_x
191 690 0 0 82 0 0 0 0 0
192 1212 0 0 82 0 0 0 0 0
193 500 0 0 250 58 58 0 0 0
195 196 0 0 0 0 0 0 0 0
196 196 0 0 0 0 0 0 0 0
197 528 2 2 0 0 0 0 0 0
200 152 0 0 0 0 0 152 0 0
201 152 0 0 0 0 0 152 0 0
202 234 0 0 82 0 0 152 0 0
203 244 2 2 0 0 0 152 0 0
220 488 0 0 244 0 0 244 0 0
222 854 1 1 122 2 0 244 0 0
224 488 0 0 122 2 1 122 0 0
225 122 0 0 122 0 0 0 0 0
226 244 0 0 0 0 0 0 0 0
228 605 1 1 0 0 0 121 0 0
229 1947 0 0 0 0 0 242 0 0
232 759 0 0 253 83 43 0 0 0
233 280 1 1 160 0 0 40 0 0
235 80 0 0 0 0 0 0 0 0
245 40 0 0 40 0 0 0 0 0
246 80 0 0 80 0 0 0 0 0
248 160 0 0 80 0 0 120 0 0
252 558 0 0 213 0 0 0 0 0
256 462 0 0 0 0 0 0 0 0
257 264 0 0 0 0 0 0 0 0
260 972 0 0 324 0 0 0 0 0
267 10 0 0 0 0 0 2 0 0
268 8 0 0 0 0 0 2 0 0
270 6 1 1 0 0 0 0 0 0
277 204 0 0 4 0 0 4 0 0
278 276 0 0 92 12 2 0 0 0
279 280 1 1 210 0 0 0 0 0
283 14 0 0 6 0 0 2 0 0
284 2 0 0 0 0 0 2 0 0
286 2 0 0 0 0 0 2 0 0
287 6 0 0 2 1 0 4 0 0
303 2 0 0 0 0 0 0 0 0
311 4390 1 1 0 0 0 0 0 0
312 4 0 0 0 0 0 2 0 0
313 2 0 0 0 0 0 0 0 0
316 1 0 0 0 0 0 1 0 0
317 1 0 0 0 0 0 1 0 0
318 4 0 0 1 1 0 2 0 0
321 164 1 1 0 0 0 0 0 0
322 328 1 1 246 0 0 0 0 0
329 328 0 0 82 0 0 0 0 0
332 66 0 0 0 0 0 0 0 0
334 410 1 1 164 0 0 0 0 0
339 164 0 0 164 0 0 82 0 0
341 246 0 0 164 0 0 82 0 0
342 82 0 0 0 0 0 82 0 0
355 25008 2 2 2084 0 0 20840 21 0
356 2084 0 0 2084 5 0 0 0 0
362 2084 0 0 2084 0 0 0 0 0
366 12908 0 0 12908 38 0 0 0 0
369 12908 0 0 0 0 0 0 0 0
373 23334 1 1 2087 0 0 4168 0 0
377 12906 1 1 6453 31 0 0 0 0
381 12906 0 0 6453 3 0 0 0 0
387 19359 0 0 6453 19 1 0 0 0
391 6453 0 0 0 0 0 6453 0 0
392 6453 1 1 0 0 0 6453 0 0
395 19359 0 0 12906 61 0 6453 0 0
396 19359 0 0 12906 2 0 6453 0 0
399 6453 0 0 6453 0 0 0 0 0
400 12906 0 0 0 0 0 0 0 0
402 19359 0 0 19359 792 104 0 0 0
403 8336 0 0 0 0 0 2084 0 0
410 83487 1 1 21443 0 0 4168 0 0
413 12972 1 1 6486 1085 176 0 0 0
415 4324 1 1 0 0 0 0 0 0
417 28002 1 1 8616 0 0 10770 0 0
420 24730 0 0 4946 1548 393 0 0 0
422 8256 0 0 2064 0 0 0 0 0
423 30960 1 1 14448 0 0 12384 6 0
427 6192 1 1 0 0 0 0 0 0
430 8646 0 0 0 0 0 0 0 0
439 18576 2 2 10320 0 0 0 0 0
461 180 1 1 90 0 0 0 0 0
469 4128 1 1 2064 0 0 0 0 0
488 1122 1 1 187 0 0 0 0 0
519 10520 0 0 2064 0 0 0 0 0
523 4311 0 0 1437 2 0 0 0 0
535 3884 1 1 1942 0 0 1942 0 0
536 1942 0 0 0 0 0 1942 0 0
537 3884 0 0 0 0 0 0 0 0
542 244 1 1 0 0 0 0 0 0
553 34254 1 1 12881 4 0 0 0 0
554 475 0 0 0 0 0 95 0 0
555 630 2 2 450 0 0 0 0 0
557 13170 0 0 0 0 0 0 0 0
560 20 0 0 0 0 0 0 0 0
561 16672 1 1 14588 0 0 0 0 0
fl=/build/glibc-9tT8Do/glibc-2.23/elf/dl-minimal.c
fn=__libc_memalign
52 120 1 1 0 0 0 80 2 2
53 159 1 1 79 2 0 0 0 0
58 5 0 0 0 0 0 1 0 0
59 2 1 1 1 0 0 0 0 0
64 160 0 0 0 0 0 40 0 0
67 260 0 0 0 0 0 0 0 0
71 20 1 1 5 0 0 0 0 0
72 10 0 0 0 0 0 0 0 0
78 40 0 0 0 0 0 5 0 0
80 25 0 0 10 0 0 0 0 0
84 15 0 0 0 0 0 5 0 0
87 40 0 0 0 0 0 40 0 0
88 40 0 0 0 0 0 40 0 0
90 200 0 0 120 0 0 0 0 0
fn=calloc
103 17 1 1 0 0 0 0 0 0
107 17 0 0 0 0 0 0 0 0
111 85 0 0 0 0 0 0 0 0
114 17 0 0 0 0 0 0 0 0
fn=free
120 3 1 1 0 0 0 3 0 0
122 9 0 0 3 0 0 0 0 0
129 6 0 0 6 0 0 0 0 0
fn=malloc
94 39 1 1 0 0 0 0 0 0
95 78 0 0 0 0 0 0 0 0
fn=strsep
354 8 1 1 4 0 0 0 0 0
356 4 0 0 4 0 0 0 0 0
357 8 0 0 0 0 0 0 0 0
361 319 1 1 63 0 0 0 0 0
366 244 0 0 122 0 0 0 0 0
368 366 0 0 122 0 0 0 0 0
376 61 0 0 0 0 0 0 0 0
379 2 0 0 0 0 0 2 0 0
383 4 0 0 4 0 0 0 0 0
fl=/build/glibc-9tT8Do/glibc-2.23/elf/dl-misc.c
fn=_dl_higher_prime_number
344 2 0 0 0 0 0 0 0 0
345 2 0 0 0 0 0 0 0 0
347 25 0 0 3 0 0 0 0 0
349 80 1 1 0 0 0 0 0 0
350 37 0 0 10 4 2 0 0 0
351 3 0 0 0 0 0 0 0 0
fn=_dl_name_match_p
288 925 1 1 0 0 0 370 2 0
289 740 1 1 185 7 0 185 0 0
290 201 0 0 0 0 0 0 0 0
292 185 0 0 185 0 0 0 0 0
294 738 0 0 0 0 0 0 0 0
295 1000 0 0 200 17 0 200 0 0
298 184 0 0 184 0 0 0 0 0
300 169 0 0 0 0 0 0 0 0
301 925 1 1 555 0 0 0 0 0
fn=_dl_sysdep_read_whole_file
45 8 2 2 0 0 0 4 0 0
52 3 0 0 0 0 0 1 0 0
53 2 0 0 0 0 0 0 0 0
55 7 0 0 0 0 0 1 0 0
57 2 0 0 1 0 0 1 0 0
60 2 0 0 0 0 0 0 0 0
62 8 1 1 0 0 0 1 0 0
73 2 0 0 0 0 0 1 0 0
76 7 0 0 5 0 0 0 0 0
fl=/build/glibc-9tT8Do/glibc-2.23/elf/dl-object.c
fn=_dl_add_to_namespace_list
32 30 1 1 0 0 0 18 0 0
34 18 1 1 6 0 0 6 0 0
36 52 0 0 6 0 0 0 0 0
39 60 0 0 20 0 0 0 0 0
41 5 0 0 0 0 0 5 0 0
43 5 0 0 0 0 0 5 0 0
46 2 1 1 0 0 0 1 0 0
47 18 0 0 6 0 0 0 0 0
48 12 0 0 6 0 0 6 0 0
49 12 0 0 0 0 0 6 0 0
51 12 0 0 6 0 0 0 0 0
52 18 0 0 18 0 0 0 0 0
fn=_dl_new_object
61 84 1 1 0 0 0 60 2 2
62 18 0 0 0 0 0 6 0 0
68 78 3 3 12 1 1 0 0 0
75 30 0 0 0 0 0 12 0 0
78 12 0 0 0 0 0 0 0 0
81 6 0 0 0 0 0 6 6 6
82 12 0 0 0 0 0 6 6 6
85 12 0 0 0 0 0 6 0 0
87 30 1 1 12 0 0 12 3 3
89 6 0 0 0 0 0 6 0 0
97 36 1 1 12 0 0 6 1 1
98 36 0 0 12 6 6 6 0 0
101 12 0 0 6 0 0 0 0 0
102 17 0 0 5 0 0 6 6 6
103 6 0 0 0 0 0 6 0 0
107 6 0 0 0 0 0 6 0 0
110 50 1 1 0 0 0 0 0 0
112 32 0 0 0 0 0 16 4 4
122 12 0 0 0 0 0 6 1 1
123 6 0 0 0 0 0 6 6 6
128 36 1 1 6 1 1 0 0 0
130 22 0 0 0 0 0 5 2 2
133 14 1 1 0 0 0 0 0 0
137 21 0 0 7 0 0 0 0 0
141 30 0 0 0 0 0 0 0 0
143 5 1 1 1 0 0 0 0 0
149 1 0 0 0 0 0 1 0 0
152 12 0 0 0 0 0 6 2 2
155 18 1 1 0 0 0 6 0 0
157 35 0 0 5 0 0 10 0 0
161 20 0 0 5 0 0 0 0 0
165 15 0 0 0 0 0 5 0 0
166 20 0 0 0 0 0 0 0 0
168 1 1 1 0 0 0 0 0 0
211 99 2 2 10 0 0 5 0 0
216 84 0 0 0 0 0 0 0 0
217 178 0 0 84 0 0 0 0 0
222 10 0 0 0 0 0 5 0 0
225 10 0 0 0 0 0 5 0 0
229 48 0 0 42 0 0 0 0 0
fl=/build/glibc-9tT8Do/glibc-2.23/elf/dl-open.c
fn=_dl_find_dso_for_object
182 5 1 1 1 0 0 0 0 0
183 13 2 2 4 0 0 0 0 0
184 16 0 0 8 1 0 0 0 0
185 2 0 0 1 0 0 0 0 0
188 2 1 1 1 0 0 0 0 0
192 1 0 0 1 0 0 0 0 0
fl=/build/glibc-9tT8Do/glibc-2.23/elf/dl-profstub.c
fn=_dl_mcount_wrapper_check
38 384 1 1 256 0 0 0 0 0
39 128 0 0 128 0 0 0 0 0
fl=/build/glibc-9tT8Do/glibc-2.23/elf/dl-reloc.c
fn=_dl_relocate_object
149 84 2 2 0 0 0 56 0 0
156 7 0 0 0 0 0 7 0 0
159 14 0 0 0 0 0 0 0 0
160 42 0 0 0 0 0 21 0 0
164 14 0 0 0 0 0 0 0 0
165 42 0 0 7 2 0 7 0 0
171 14 0 0 7 0 0 0 0 0
177 21 1 1 7 0 0 0 0 0
178 14 1 1 7 6 0 0 0 0
181 14 0 0 7 0 0 0 0 0
188 14 0 0 7 1 0 0 0 0
232 21 0 0 14 0 0 7 0 0
258 336 4 4 104 20 0 95 0 0
261 28 0 0 7 0 0 0 0 0
285 7 0 0 7 0 0 0 0 0
288 14 0 0 7 0 0 0 0 0
305 21 0 0 7 3 0 0 0 0
307 56 0 0 49 2 0 0 0 0
313 42 2 2 18 0 0 6 0 0
316 12 0 0 0 0 0 0 0 0
320 12 0 0 0 0 0 0 0 0
321 42 0 0 6 0 0 6 0 0
fl=/build/glibc-9tT8Do/glibc-2.23/elf/dl-tls.c
fn=_dl_add_to_slotinfo
890 8 1 1 0 0 0 6 0 0
896 4 0 0 2 0 0 0 0 0
899 2 0 0 2 2 0 0 0 0
904 10 1 1 2 2 0 0 0 0
945 2 0 0 0 0 0 2 2 0
946 6 0 0 2 2 0 2 0 0
947 8 0 0 8 0 0 0 0 0
fn=_dl_allocate_tls_init
449 7 0 0 0 0 0 6 0 0
450 2 1 1 0 0 0 0 0 0
454 2 0 0 1 1 0 1 0 0
456 1 0 0 0 0 0 1 0 0
457 3 0 0 1 0 0 0 0 0
460 4 0 0 2 1 0 1 0 0
472 1 1 1 1 0 0 0 0 0
477 12 0 0 1 0 0 0 0 0
483 20 1 1 2 0 0 1 0 0
486 2 0 0 2 0 0 0 0 0
487 4 0 0 0 0 0 0 0 0
493 6 1 1 4 0 0 0 0 0
494 4 0 0 0 0 0 0 0 0
496 10 0 0 4 1 0 2 0 0
497 2 0 0 0 0 0 2 0 0
499 6 0 0 0 0 0 0 0 0
500 2 0 0 2 0 0 0 0 0
503 4 1 1 0 0 0 0 0 0
504 8 0 0 4 1 0 0 0 0
506 4 0 0 0 0 0 0 0 0
515 24 1 1 8 0 0 4 0 0
529 2 1 1 1 0 0 1 0 0
531 1 0 0 1 0 0 0 0 0
532 8 1 1 7 0 0 0 0 0
fn=_dl_allocate_tls_storage
321 2 0 0 1 0 0 0 0 0
322 3 2 2 0 0 0 1 0 0
323 2 0 0 0 0 0 0 0 0
326 1 0 0 0 0 0 1 1 1
332 2 0 0 0 0 0 1 0 0
354 3 1 1 0 0 0 3 0 0
356 1 0 0 1 0 0 0 0 0
367 3 0 0 1 0 0 1 0 0
368 2 0 0 0 0 0 0 0 0
375 2 0 0 0 0 0 0 0 0
379 297 0 0 0 0 0 289 36 36
396 5 0 0 4 0 0 0 0 0
fn=_dl_count_modids
115 2 1 1 1 0 0 0 0 0
116 2 0 0 2 0 0 0 0 0
fn=_dl_determine_tlsoffset
138 7 1 1 0 0 0 6 0 0
144 3 1 1 1 0 0 0 0 0
147 2 0 0 1 0 0 0 0 0
183 14 1 1 3 0 0 0 0 0
185 12 1 1 1 0 0 0 0 0
187 8 0 0 2 0 0 0 0 0
188 2 1 1 2 0 0 0 0 0
190 6 0 0 0 0 0 0 0 0
192 14 1 1 2 0 0 0 0 0
208 12 0 0 0 0 0 0 0 0
210 8 0 0 0 0 0 0 0 0
220 2 0 0 0 0 0 2 0 0
223 4 0 0 0 0 0 1 0 0
224 1 0 0 0 0 0 1 0 0
275 1 0 0 0 0 0 1 0 0
276 8 1 1 7 0 0 0 0 0
fn=_dl_next_tls_modid
49 2 1 1 0 0 0 0 0 0
52 8 0 0 4 0 0 0 0 0
100 2 0 0 0 0 0 2 0 0
104 4 0 0 2 0 0 0 0 0
fl=/build/glibc-9tT8Do/glibc-2.23/elf/dl-version.c
fn=_dl_check_all_versions
380 5 1 1 0 0 0 4 0 0
384 28 0 0 7 0 0 0 0 0
385 7 0 0 0 0 0 0 0 0
386 70 1 1 7 0 0 7 0 0
389 7 0 0 5 0 0 0 0 0
fn=_dl_check_map_versions
56 148 0 0 20 0 0 0 0 0
57 39 0 0 39 0 0 0 0 0
58 255 1 1 0 0 0 49 0 0
174 63 0 0 0 0 0 42 0 0
175 2 0 0 0 0 0 0 0 0
183 2 0 0 0 0 0 0 0 0
189 21 1 1 7 0 0 0 0 0
190 2 0 0 0 0 0 0 0 0
191 14 0 0 7 1 0 7 0 0
193 14 0 0 7 0 0 7 0 0
194 28 1 1 7 0 0 21 0 0
196 14 0 0 0 0 0 0 0 0
199 15 0 0 10 0 0 5 0 0
203 25 1 1 5 5 5 0 0 0
220 20 0 0 20 0 0 0 0 0
228 30 0 0 10 0 0 0 0 0
233 80 0 0 20 3 3 0 0 0
237 383 2 2 213 7 6 46 0 0
244 138 0 0 69 0 0 0 0 0
247 69 0 0 23 0 0 0 0 0
252 13 0 0 0 0 0 0 0 0
256 60 1 1 20 0 0 0 0 0
261 15 0 0 0 0 0 5 0 0
262 5 0 0 0 0 0 0 0 0
270 14 1 1 7 0 0 0 0 0
273 20 0 0 15 0 0 0 0 0
276 332 0 0 83 12 12 0 0 0
279 249 0 0 83 8 8 0 0 0
283 78 0 0 0 0 0 0 0 0
287 18 1 1 0 0 0 0 0 0
292 6 0 0 0 0 0 6 0 0
293 24 0 0 0 0 0 6 0 0
294 12 0 0 0 0 0 0 0 0
302 6 0 0 0 0 0 6 0 0
305 18 1 1 12 0 0 6 2 0
307 18 0 0 6 0 0 0 0 0
310 20 0 0 15 0 0 0 0 0
314 30 0 0 10 0 0 0 0 0
317 69 1 1 23 0 0 0 0 0
319 69 0 0 0 0 0 0 0 0
321 115 0 0 23 0 0 23 0 0
322 69 0 0 0 0 0 23 12 12
323 69 0 0 23 0 0 23 0 0
324 69 1 1 23 0 0 23 1 1
327 69 0 0 23 0 0 0 0 0
332 13 0 0 0 0 0 0 0 0
335 30 0 0 10 0 0 0 0 0
340 5 0 0 0 0 0 0 0 0
341 5 0 0 0 0 0 0 0 0
345 18 0 0 6 0 0 0 0 0
348 20 0 0 15 0 0 0 0 0
352 78 0 0 78 0 0 0 0 0
354 166 0 0 83 0 0 0 0 0
359 468 0 0 156 0 0 78 22 22
360 234 0 0 78 0 0 78 0 0
361 78 0 0 0 0 0 78 8 8
364 249 0 0 83 0 0 0 0 0
368 78 0 0 0 0 0 0 0 0
374 62 2 2 49 0 0 0 0 0
fn=match_symbol
76 299 1 1 0 0 0 184 0 0
77 46 0 0 46 0 0 0 0 0
85 46 1 1 23 0 0 0 0 0
91 69 0 0 23 0 0 0 0 0
106 23 0 0 23 1 0 0 0 0
107 46 0 0 0 0 0 0 0 0
109 23 0 0 23 0 0 0 0 0
114 356 1 1 178 18 18 0 0 0
128 356 0 0 178 2 2 0 0 0
133 161 2 2 46 1 0 23 0 0
140 465 0 0 155 5 5 0 0 0
144 155 0 0 0 0 0 0 0 0
168 184 0 0 161 0 0 0 0 0
fl=/build/glibc-9tT8Do/glibc-2.23/elf/do-rel.h
fn=_dl_relocate_object
47 42 0 0 14 0 0 14 0 0
48 14 0 0 14 3 0 0 0 0
58 42 0 0 14 2 0 0 0 0
61 2721 1 1 0 0 0 0 0 0
63 3588 1 1 897 336 336 0 0 0
65 70 0 0 0 0 0 0 0 0
74 12 0 0 0 0 0 0 0 0
75 106 1 1 30 0 0 0 0 0
76 44 0 0 22 0 0 0 0 0
83 16 0 0 8 0 0 8 0 0
84 8 1 1 8 0 0 0 0 0
86 24 0 0 8 0 0 0 0 0
98 24 0 0 0 0 0 0 0 0
108 15 2 2 1 1 1 0 0 0
111 5837 0 0 0 0 0 0 0 0
112 3880 0 0 1940 0 0 0 0 0
118 24 1 1 8 7 0 0 0 0
121 14 0 0 7 4 0 7 0 0
124 9698 1 1 3233 2 0 6 2 0
127 12880 1 1 3220 807 803 0 0 0
129 14 0 0 0 0 0 0 0 0
136 12880 0 0 6440 1138 217 0 0 0
137 18895 1 1 3220 0 0 3220 1 0
138 3220 0 0 3220 3 0 0 0 0
139 6440 0 0 3220 0 0 0 0 0
143 12 0 0 0 0 0 0 0 0
160 24 2 2 8 0 0 3 0 0
162 20 1 1 5 2 2 0 0 0
170 30 0 0 5 0 0 5 0 0
171 10 0 0 10 0 0 0 0 0
174 2 0 0 0 0 0 0 0 0
fn=_dl_start
83 1 0 0 1 0 0 0 0 0
84 1 0 0 1 0 0 0 0 0
111 33 0 0 0 0 0 0 0 0
112 20 1 1 10 2 2 0 0 0
116 2 0 0 1 0 0 0 0 0
124 22 1 1 0 0 0 0 0 0
136 6 0 0 6 2 2 0 0 0
137 36 0 0 6 0 0 0 0 0
fl=/build/glibc-9tT8Do/glibc-2.23/elf/get-dynamic-info.h
fn=_dl_map_object_from_fd
39 10 0 0 0 0 0 0 0 0
43 5 0 0 0 0 0 0 0 0
45 402 1 1 134 37 37 0 0 0
47 258 1 1 0 0 0 0 0 0
60 129 0 0 0 0 0 0 0 0
61 212 0 0 0 0 0 124 30 30
62 20 0 0 0 0 0 0 0 0
64 5 0 0 0 0 0 0 0 0
65 25 1 1 0 0 0 0 0 0
67 5 0 0 0 0 0 0 0 0
68 25 1 1 0 0 0 0 0 0
70 25 0 0 0 0 0 5 1 1
71 129 0 0 0 0 0 0 0 0
78 10 0 0 0 0 0 0 0 0
98 17 0 0 7 0 0 0 0 0
99 20 0 0 10 0 0 0 0 0
100 20 1 1 10 0 0 0 0 0
101 20 0 0 10 0 0 0 0 0
103 20 0 0 10 0 0 0 0 0
108 20 0 0 10 0 0 0 0 0
109 19 0 0 9 1 1 0 0 0
110 20 1 1 10 0 0 0 0 0
116 15 0 0 5 0 0 0 0 0
121 10 0 0 5 0 0 0 0 0
128 10 0 0 5 0 0 0 0 0
129 15 1 1 10 0 0 0 0 0
145 15 0 0 5 0 0 0 0 0
150 4 0 0 2 0 0 2 0 0
152 4 0 0 0 0 0 0 0 0
154 4 0 0 0 0 0 0 0 0
156 4 0 0 0 0 0 0 0 0
159 15 1 1 5 0 0 0 0 0
161 4 0 0 1 0 0 1 0 0
169 2 0 0 1 0 0 0 0 0
174 2 0 0 0 0 0 0 0 0
177 10 1 1 5 0 0 0 0 0
fn=_dl_start
45 57 0 0 19 6 6 0 0 0
47 36 0 0 0 0 0 0 0 0
48 26 0 0 0 0 0 13 4 4
60 21 1 1 0 0 0 0 0 0
61 18 0 0 0 0 0 4 3 3
62 4 2 2 0 0 0 0 0 0
64 1 0 0 0 0 0 0 0 0
65 5 0 0 0 0 0 0 0 0
67 2 0 0 0 0 0 0 0 0
68 5 1 1 0 0 0 0 0 0
70 6 2 2 0 0 0 1 1 1
71 18 0 0 0 0 0 0 0 0
78 2 0 0 0 0 0 0 0 0
98 4 0 0 2 0 0 0 0 0
99 4 1 1 2 0 0 0 0 0
100 4 0 0 2 0 0 0 0 0
101 4 0 0 2 0 0 0 0 0
103 4 0 0 2 0 0 0 0 0
108 4 1 1 2 0 0 0 0 0
109 4 0 0 2 0 0 0 0 0
110 4 0 0 2 0 0 0 0 0
116 3 0 0 1 0 0 0 0 0
121 2 1 1 1 0 0 0 0 0
128 3 0 0 1 0 0 0 0 0
129 3 0 0 2 0 0 0 0 0
137 3 0 0 1 0 0 0 0 0
139 3 1 1 1 0 0 0 0 0
142 2 0 0 1 0 0 0 0 0
143 2 0 0 1 0 0 0 0 0
fn=dl_main
30 1 0 0 1 0 0 0 0 0
39 2 0 0 0 0 0 0 0 0
43 1 0 0 0 0 0 0 0 0
45 75 0 0 25 7 7 0 0 0
47 48 0 0 0 0 0 0 0 0
60 17 0 0 0 0 0 0 0 0
61 34 0 0 0 0 0 23 6 6
62 4 1 1 0 0 0 0 0 0
64 1 0 0 0 0 0 0 0 0
65 5 1 1 0 0 0 0 0 0
67 1 1 1 0 0 0 0 0 0
68 5 1 1 0 0 0 0 0 0
70 5 0 0 0 0 0 1 0 0
71 24 0 0 0 0 0 0 0 0
78 3 0 0 1 0 0 0 0 0
116 3 1 1 1 0 0 0 0 0
121 2 0 0 1 0 0 0 0 0
128 2 0 0 1 0 0 0 0 0
129 3 1 1 2 0 0 0 0 0
145 3 0 0 1 0 0 0 0 0
159 3 1 1 1 0 0 0 0 0
177 2 1 1 1 0 0 0 0 0
fl=/build/glibc-9tT8Do/glibc-2.23/elf/rtld.c
fn=_dl_initial_error_catch_tsd
648 24 0 0 12 0 0 0 0 0
fn=_dl_start
286 2 1 1 0 0 0 1 1 1
287 2 0 0 0 0 0 1 0 0
288 2 0 0 0 0 0 1 1 1
289 2 1 1 0 0 0 1 0 0
290 2 0 0 0 0 0 1 0 0
298 5 0 0 0 0 0 1 1 1
301 1 0 0 0 0 0 1 0 0
307 4 1 0 0 0 0 1 0 0
316 1 0 0 0 0 0 0 0 0
319 5 1 0 1 1 0 1 1 0
323 2 0 0 1 0 0 0 0 0
337 9 1 1 0 0 0 6 1 1
355 5 0 0 0 0 0 1 1 1
378 1 0 0 0 0 0 1 0 0
381 1 1 1 0 0 0 1 1 1
392 2 0 0 0 0 0 0 0 0
397 26 2 2 9 0 0 0 0 0
399 1 0 0 1 1 1 0 0 0
424 9 0 0 7 1 0 0 0 0
fn=dl_main
703 1 0 0 1 0 0 0 0 0
705 3 0 0 1 1 0 1 0 0
714 1 0 0 0 0 0 1 0 0
716 1 0 0 0 0 0 1 0 0
721 1 1 1 0 0 0 1 0 0
738 12 2 2 0 0 0 7 2 2
747 1 0 0 0 0 0 0 0 0
753 1 0 0 0 0 0 1 0 0
757 2 0 0 0 0 0 1 0 0
760 2 0 0 0 0 0 1 1 1
764 2 0 0 0 0 0 1 1 1
765 2 1 1 0 0 0 1 0 0
770 2 0 0 0 0 0 1 0 0
780 3 1 1 1 0 0 0 0 0
981 8 1 1 0 0 0 1 0 0
983 2 0 0 0 0 0 0 0 0
984 1 0 0 0 0 0 1 0 0
985 2 1 1 1 0 0 1 0 0
986 2 0 0 1 0 0 1 0 0
990 3 0 0 0 0 0 1 0 0
991 3 0 0 1 0 0 0 0 0
1012 1 0 0 0 0 0 1 1 1
1013 1 1 1 0 0 0 1 0 0
1015 1 0 0 0 0 0 1 0 0
1017 1 0 0 1 0 0 0 0 0
1020 35 0 0 1 0 0 0 0 0
1021 71 1 1 9 5 5 0 0 0
1025 3 1 1 1 0 0 1 0 0
1026 1 0 0 0 0 0 0 0 0
1030 3 1 1 2 0 0 1 0 0
1031 1 0 0 0 0 0 0 0 0
1039 1 0 0 0 0 0 1 1 1
1040 2 0 0 2 1 1 0 0 0
1042 3 1 1 0 0 0 1 0 0
1049 2 0 0 1 0 0 0 0 0
1067 1 0 0 0 0 0 0 0 0
1075 8 0 0 2 0 0 0 0 0
1076 7 2 2 3 1 1 0 0 0
1077 4 1 1 2 0 0 0 0 0
1078 1 0 0 0 0 0 1 0 0
1081 4 0 0 2 1 1 0 0 0
1082 4 0 0 2 0 0 0 0 0
1083 2 0 0 0 0 0 2 0 0
1084 6 0 0 3 0 0 0 0 0
1085 2 0 0 0 0 0 1 0 0
1112 2 0 0 1 0 0 1 0 0
1113 1 0 0 0 0 0 0 0 0
1116 2 1 1 1 0 0 1 0 0
1117 2 0 0 1 0 0 1 0 0
1118 1 0 0 0 0 0 0 0 0
1123 5 1 1 3 1 1 0 0 0
1126 2 0 0 0 0 0 0 0 0
1128 2 0 0 0 0 0 0 0 0
1130 3 1 1 1 0 0 0 0 0
1143 3 0 0 1 0 0 0 0 0
1144 8 0 0 4 0 0 1 0 0
1149 1 0 0 0 0 0 1 0 0
1151 1 1 1 0 0 0 1 1 1
1152 1 0 0 0 0 0 1 0 0
1154 2 0 0 1 0 0 0 0 0
1155 2 0 0 0 0 0 1 0 0
1159 2 0 0 1 0 0 0 0 0
1161 2 1 1 0 0 0 0 0 0
1166 2 0 0 0 0 0 1 0 0
1169 2 0 0 1 0 0 0 0 0
1185 3 2 2 0 0 0 1 0 0
1191 9 1 1 1 0 0 2 0 0
1196 2 1 1 1 0 0 1 0 0
1199 4 1 1 1 0 0 1 0 0
1201 1 0 0 0 0 0 1 0 0
1206 2 0 0 1 0 0 0 0 0
1209 3 0 0 2 0 0 1 0 0
1210 4 1 1 1 0 0 1 0 0
1211 2 0 0 0 0 0 1 0 0
1212 1 0 0 0 0 0 1 0 0
1213 1 0 0 1 0 0 0 0 0
1214 1 0 0 1 0 0 0 0 0
1219 2 0 0 1 0 0 0 0 0
1220 5 0 0 1 0 0 1 0 0
1237 2 1 1 1 1 1 0 0 0
1238 2 0 0 1 0 0 0 0 0
1240 4 0 0 1 0 0 0 0 0
1242 2 1 1 0 0 0 1 0 0
1243 4 0 0 1 0 0 1 1 1
1248 3 0 0 0 0 0 0 0 0
1249 5 0 0 1 1 1 0 0 0
1251 2 0 0 1 0 0 1 1 1
1252 2 1 1 1 0 0 1 0 0
1257 2 0 0 1 0 0 0 0 0
1262 3 0 0 1 0 0 0 0 0
1439 2 0 0 0 0 0 2 0 0
1447 3 1 1 1 0 0 0 0 0
1450 1 0 0 0 0 0 1 0 0
1454 3 0 0 1 0 0 0 0 0
1459 1 0 0 0 0 0 1 0 0
1460 1 0 0 0 0 0 1 0 0
1461 1 0 0 0 0 0 0 0 0
1465 3 0 0 1 0 0 0 0 0
1480 3 1 1 2 0 0 0 0 0
1481 1 1 1 0 0 0 0 0 0
1482 1 0 0 0 0 0 0 0 0
1484 3 0 0 1 0 0 0 0 0
1491 11 2 2 0 0 0 3 0 0
1494 6 0 0 0 0 0 0 0 0
1497 12 0 0 0 0 0 2 0 0
1498 2 0 0 1 0 0 0 0 0
1499 3 1 1 1 0 0 0 0 0
1501 6 0 0 0 0 0 1 0 0
1503 1 1 1 0 0 0 0 0 0
1505 6 0 0 1 0 0 0 0 0
1515 5 0 0 0 0 0 1 0 0
1592 4 0 0 2 0 0 0 0 0
1596 8 1 1 0 0 0 0 0 0
1597 1 0 0 0 0 0 0 0 0
1600 3 0 0 0 0 0 1 0 0
1601 1 0 0 1 0 0 0 0 0
1602 2 0 0 0 0 0 0 0 0
1603 3 1 1 0 0 0 0 0 0
1609 5 0 0 0 0 0 0 0 0
1610 8 0 0 1 0 0 1 0 0
1611 1 0 0 0 0 0 0 0 0
1613 6 1 1 1 0 0 1 0 0
1616 19 1 1 2 0 0 0 0 0
1617 28 0 0 14 0 0 0 0 0
1620 3 0 0 2 0 0 1 0 0
1621 3 0 0 1 0 0 0 0 0
1622 1 1 1 0 0 0 1 0 0
1624 18 0 0 0 0 0 0 0 0
1625 17 1 1 6 0 0 0 0 0
1635 1 0 0 0 0 0 1 0 0
1637 2 0 0 1 0 0 1 0 0
1638 3 0 0 1 0 0 0 0 0
1640 2 0 0 0 0 0 1 0 0
1642 4 1 1 1 0 0 0 0 0
1644 3 0 0 1 0 0 0 0 0
1645 1 0 0 1 0 0 0 0 0
1658 2 0 0 0 0 0 0 0 0
1659 2 1 1 0 0 0 1 0 0
1660 3 0 0 1 0 0 0 0 0
1662 2 0 0 1 0 0 0 0 0
1663 2 0 0 0 0 0 1 0 0
1671 5 0 0 1 0 0 1 0 0
1672 1 0 0 0 0 0 1 0 0
1673 5 1 1 0 0 0 1 0 0
1683 2 0 0 1 0 0 1 0 0
1684 2 0 0 1 0 0 0 0 0
1685 2 1 1 0 0 0 2 0 0
1687 2 0 0 1 0 0 0 0 0
1692 3 0 0 1 0 0 0 0 0
1922 3 0 0 1 1 1 0 0 0
1978 2 1 1 0 0 0 1 0 0
1982 4 0 0 2 0 0 2 0 0
1986 2 0 0 1 0 0 1 0 0
1989 2 1 1 1 0 0 0 0 0
2043 3 1 1 1 0 0 0 0 0
2050 1 0 0 1 0 0 0 0 0
2052 7 1 1 1 0 0 1 0 0
2054 17 1 1 0 0 0 0 0 0
2056 21 0 0 14 4 0 0 0 0
2061 14 0 0 14 3 0 0 0 0
2063 16 0 0 0 0 0 0 0 0
2065 1 1 1 0 0 0 1 0 0
2066 1 1 1 1 0 0 0 0 0
2069 7 0 0 7 1 0 0 0 0
2071 15 0 0 0 0 0 0 0 0
2072 48 0 0 12 5 0 6 0 0
2076 25 0 0 9 4 0 0 0 0
2077 6 0 0 0 0 0 2 0 0
2079 1 0 0 0 0 0 0 0 0
2081 6 0 0 1 1 0 1 0 0
2087 2 0 0 1 0 0 0 0 0
2092 4 1 1 2 0 0 0 0 0
2094 1 0 0 1 0 0 0 0 0
2099 3 0 0 1 0 0 1 0 0
2102 2 0 0 1 0 0 0 0 0
2111 3 1 1 2 2 0 0 0 0
2113 2 0 0 1 0 0 0 0 0
2128 5 0 0 0 0 0 0 0 0
2130 1 1 1 1 0 0 0 0 0
2131 5 0 0 1 0 0 1 0 0
2132 1 0 0 0 0 0 0 0 0
2134 6 0 0 1 0 0 1 0 0
2142 1 1 1 0 0 0 1 0 0
2146 3 0 0 1 0 0 0 0 0
2166 4 0 0 0 0 0 1 0 0
2167 1 0 0 0 0 0 1 0 0
2168 1 0 0 0 0 0 1 0 0
2169 1 0 0 0 0 0 0 0 0
2173 1 0 0 0 0 0 1 0 0
2178 8 0 0 7 2 0 0 0 0
2346 2 0 0 1 0 0 1 1 1
2348 1 0 0 0 0 0 1 0 0
2349 1 0 0 0 0 0 0 0 0
2353 13 1 1 1 0 0 4 0 0
2355 15 0 0 3 0 0 3 1 1
2359 107 1 1 21 1 1 0 0 0
2360 19 0 0 0 0 0 0 0 0
2362 4 0 0 0 0 0 0 0 0
2368 14 1 1 2 1 1 0 0 0
2389 6 1 1 0 0 0 1 0 0
2396 6 1 1 0 0 0 1 0 0
2398 3 1 1 0 0 0 1 0 0
2442 6 2 2 0 0 0 1 0 0
2444 3 0 0 0 0 0 1 1 1
2514 3 0 0 1 0 0 0 0 0
2544 3 0 0 1 0 0 0 0 0
fn=do_preload
654 6 1 1 0 0 0 3 0 0
656 1 1 1 0 0 0 1 0 0
660 1 0 0 0 0 0 1 0 0
661 1 0 0 0 0 0 1 0 0
662 1 0 0 0 0 0 1 0 0
664 1 0 0 1 0 0 0 0 0
666 6 0 0 0 0 0 1 0 0
667 3 0 0 1 0 0 0 0 0
677 3 1 1 1 0 0 0 0 0
681 5 0 0 4 0 0 0 0 0
fn=init_tls
573 2 0 0 0 0 0 1 0 0
575 2 0 0 1 0 0 1 0 0
579 2 0 0 1 1 0 0 0 0
588 1 0 0 0 0 0 1 0 0
589 4 0 0 0 0 0 1 0 0
594 1 0 0 0 0 0 0 0 0
595 2 0 0 0 0 0 1 0 0
596 1 0 0 0 0 0 1 0 0
600 2 1 1 1 1 1 0 0 0
601 1 0 0 0 0 0 0 0 0
602 17 1 1 1 0 0 0 0 0
603 14 0 0 7 0 0 0 0 0
604 14 0 0 7 4 1 0 0 0
608 6 0 0 0 0 0 2 1 1
610 2 0 0 0 0 0 0 0 0
612 3 0 0 0 0 0 0 0 0
615 1 1 1 0 0 0 1 0 0
622 2 0 0 0 0 0 1 0 0
623 2 0 0 0 0 0 0 0 0
629 2 1 1 1 0 0 1 0 0
632 7 0 0 0 0 0 2 0 0
635 1 1 1 0 0 0 1 0 0
637 1 0 0 0 0 0 0 0 0
638 2 0 0 2 0 0 0 0 0
fn=map_doit
480 2 1 1 0 0 0 1 0 0
482 1 0 0 1 0 0 0 0 0
483 9 0 0 2 0 0 2 0 0
485 2 0 0 2 0 0 0 0 0
fn=rtld_lock_default_lock_recursive
688 258 1 1 258 4 1 0 0 0
fn=rtld_lock_default_unlock_recursive
694 258 0 0 258 1 0 0 0 0
fn=version_check_doit
513 2 1 1 0 0 0 1 0 0
515 6 0 0 2 0 0 1 0 0
519 2 1 0 2 0 0 0 0 0
fl=/build/glibc-9tT8Do/glibc-2.23/elf/setup-vdso.h
fn=dl_main
24 2 0 0 1 0 0 0 0 0
fl=/build/glibc-9tT8Do/glibc-2.23/iconv/gconv_simple.c
fn=__gconv_btwoc_ascii
52 512 1 1 0 0 0 0 0 0
55 128 0 0 128 0 0 0 0 0
fl=/build/glibc-9tT8Do/glibc-2.23/io/../sysdeps/unix/syscall-template.S
fn=access
84 24 1 1 0 0 0 0 0 0
86 30 1 1 6 0 0 6 0 0
fn=close
84 24 0 0 0 0 0 0 0 0
85 6 0 0 6 0 0 0 0 0
fn=open
84 52 1 1 0 0 0 0 0 0
85 6 0 0 6 0 0 0 0 0
86 35 0 0 7 0 0 7 0 0
fn=read
84 20 0 0 0 0 0 0 0 0
85 5 0 0 5 0 0 0 0 0
fl=/build/glibc-9tT8Do/glibc-2.23/io/../sysdeps/unix/sysv/linux/wordsize-64/fxstat.c
fn=_fxstat
33 6 0 0 0 0 0 0 0 0
34 12 1 1 0 0 0 0 0 0
35 36 0 0 0 0 0 0 0 0
39 6 0 0 6 0 0 0 0 0
fl=/build/glibc-9tT8Do/glibc-2.23/io/../sysdeps/unix/sysv/linux/wordsize-64/xstat.c
fn=_xstat
33 4 0 0 0 0 0 0 0 0
34 8 1 1 0 0 0 0 0 0
35 36 0 0 3 0 0 3 0 0
39 1 0 0 1 0 0 0 0 0
fl=/build/glibc-9tT8Do/glibc-2.23/locale/newlocale.c
fn=newlocale
44 10 1 1 0 0 0 7 0 0
56 2 0 0 0 0 0 0 0 0
57 2 2 2 0 0 0 0 0 0
64 2 0 0 0 0 0 0 0 0
67 4 1 1 1 0 0 0 0 0
73 2 0 0 0 0 0 0 0 0
74 6 1 1 2 0 0 0 0 0
76 1 0 0 0 0 0 0 0 0
279 8 0 0 7 0 0 0 0 0
fl=/build/glibc-9tT8Do/glibc-2.23/locale/uselocale.c
fn=uselocale
31 4 1 1 4 2 0 0 0 0
33 6 1 1 0 0 0 0 0 0
36 4 0 0 0 0 0 0 0 0
37 2 0 0 0 0 0 2 0 0
65 6 0 0 4 2 0 2 0 0
66 6 0 0 4 1 0 2 0 0
68 6 0 0 4 0 0 2 0 0
72 6 1 1 0 0 0 0 0 0
73 2 0 0 2 0 0 0 0 0
fl=/build/glibc-9tT8Do/glibc-2.23/malloc/arena.c
fn=malloc_hook_ini
260 3 0 0 1 1 1 0 0 0
fn=ptmalloc_init.part.5
221 225 0 0 75 10 0 0 0 0
223 148 0 0 74 34 0 0 0 0
224 2 0 0 1 0 0 0 0 0
225 2 0 0 1 0 0 0 0 0
239 74 0 0 0 0 0 0 0 0
258 6 1 1 0 0 0 5 0 0
263 1 0 0 0 0 0 1 0 0
271 2 1 1 1 0 0 0 0 0
272 7 1 1 0 0 0 1 0 0
273 4 0 0 2 0 0 0 0 0
277 3 0 0 1 1 0 1 1 0
279 5 1 1 2 2 0 0 0 0
295 2 0 0 0 0 0 0 0 0
340 2 1 1 0 0 0 0 0 0
346 2 0 0 2 1 1 0 0 0
347 2 0 0 0 0 0 0 0 0
349 1 0 0 0 0 0 1 1 0
350 7 0 0 6 1 0 0 0 0
fn=sysmalloc
488 174 0 0 0 0 0 58 0 0
fl=/build/glibc-9tT8Do/glibc-2.23/malloc/hooks.c
fn=malloc_hook_ini
29 4 1 1 0 0 0 2 0 0
30 2 0 0 1 0 0 1 0 0
33 4 0 0 3 1 0 0 0 0
fl=/build/glibc-9tT8Do/glibc-2.23/malloc/malloc.c
fn=_int_malloc
1877 7270 2 1 2404 0 0 0 0 0
3317 16828 0 0 0 0 0 14424 2 0
3347 24040 4 2 0 0 0 0 0 0
3351 7212 0 0 0 0 0 2404 2 0
3365 4808 0 0 2404 4 1 0 0 0
3402 4808 2 1 0 0 0 0 0 0
3446 24049 3 2 0 0 0 2404 0 0
3447 4808 0 0 2404 0 0 0 0 0
3448 2 0 0 0 0 0 1 0 0
3467 12020 2 1 2404 3 0 0 0 0
3601 4808 1 1 0 0 0 0 0 0
3603 9616 2 1 2404 0 0 0 0 0
3606 9616 2 1 2404 6 0 0 0 0
3674 4808 0 0 2404 0 0 0 0 0
3675 4808 0 0 0 0 0 0 0 0
3676 4808 0 0 0 0 0 0 0 0
3677 4808 0 0 2404 4 0 0 0 0
3678 4808 0 0 0 0 0 0 0 0
3683 4808 0 0 0 0 0 0 0 0
3687 7212 2 1 0 0 0 0 0 0
3790 2404 1 1 2404 3 0 0 0 0
3791 4808 0 0 2404 1 0 0 0 0
3793 7212 2 1 0 0 0 0 0 0
3795 2346 0 0 0 0 0 0 0 0
3796 2346 0 0 0 0 0 0 0 0
3797 2346 0 0 0 0 0 2346 0 0
3798 18768 2 1 0 0 0 2346 0 0
3800 4692 0 0 0 0 0 2346 2346 2346
3803 2346 0 0 0 0 0 0 0 0
3810 116 0 0 58 0 0 0 0 0
3815 7212 0 0 0 0 0 2404 0 0
3817 62504 6 3 0 0 0 24040 2 0
3825 174 1 1 0 0 0 58 0 0
3826 116 0 0 0 0 0 0 0 0
3831 21636 1 1 16828 0 0 0 0 0
5000 7212 0 0 0 0 0 4808 0 0
5002 9616 0 0 0 0 0 2404 0 0
fn=malloc
2900 7212 1 1 0 0 0 4808 0 0
2905 4808 0 0 4808 7 0 0 0 0
2906 4808 0 0 0 0 0 0 0 0
2907 2 1 1 1 0 0 0 0 0
2909 33642 2 2 12015 6 0 0 0 0
2911 9612 1 1 0 0 0 2403 0 0
2914 4806 0 0 0 0 0 0 0 0
2922 9612 0 0 4806 0 0 0 0 0
2924 26433 1 1 2403 0 0 0 0 0
2927 9615 0 0 7211 0 0 0 0 0
fn=malloc_consolidate
1803 254 0 0 0 0 0 0 0 0
1806 381 0 0 0 0 0 254 32 32
1810 3 1 1 0 0 0 0 0 0
1814 3 1 1 1 0 0 1 0 0
1815 3 0 0 1 0 0 1 0 0
1817 1 0 0 0 0 0 1 1 1
4142 2 1 1 1 0 0 0 0 0
4994 4 1 1 0 0 0 0 0 0
fn=malloc_hook_ini
2906 2 1 1 0 0 0 0 0 0
2909 13 3 3 5 1 0 0 0 0
2911 4 0 0 0 0 0 1 0 0
2914 2 0 0 0 0 0 0 0 0
2921 2 1 1 1 1 0 1 0 0
2922 4 1 1 2 0 0 0 0 0
2924 11 0 0 1 0 0 0 0 0
fn=sysmalloc
2266 464 4 2 0 0 0 348 3 0
2286 116 0 0 116 6 0 0 0 0
2297 116 0 0 0 0 0 0 0 0
2298 290 0 0 58 3 0 58 3 0
2313 290 2 1 0 0 0 116 0 0
2319 58 1 1 0 0 0 0 0 0
2378 58 0 0 58 0 0 0 0 0
2379 174 0 0 58 0 0 0 0 0
2380 58 0 0 0 0 0 0 0 0
2389 633 1 0 58 0 0 0 0 0
2395 232 2 1 0 0 0 58 3 0
2398 174 0 0 0 0 0 0 0 0
2453 232 0 0 58 0 0 0 0 0
2461 116 1 1 58 0 0 0 0 0
2462 58 0 0 0 0 0 0 0 0
2472 348 0 0 0 0 0 116 0 0
2480 116 0 0 0 0 0 0 0 0
2482 348 1 1 116 3 0 174 0 0
2483 58 0 0 0 0 0 0 0 0
2486 232 0 0 116 0 0 0 0 0
2489 116 0 0 116 6 0 0 0 0
2490 116 0 0 0 0 0 0 0 0
2510 116 2 1 0 0 0 0 0 0
2536 116 0 0 58 4 1 0 0 0
2537 5 1 1 0 0 0 2 0 0
2538 174 0 0 58 0 0 58 0 0
2544 230 0 0 0 0 0 0 0 0
2545 285 1 1 57 0 0 57 0 0
2547 7 1 1 1 0 0 0 0 0
2584 2 0 0 0 0 0 0 0 0
2590 3 1 1 0 0 0 0 0 0
2609 1 0 0 0 0 0 0 0 0
2612 2 0 0 0 0 0 0 0 0
2613 6 0 0 2 0 0 0 0 0
2615 2 0 0 0 0 0 0 0 0
2616 3 1 1 2 0 0 1 0 0
2628 2 0 0 0 0 0 0 0 0
2636 3 0 0 3 0 0 0 0 0
2637 3 0 0 1 0 0 0 0 0
2675 1 0 0 0 0 0 1 0 0
2676 5 1 1 0 0 0 1 1 1
2677 2 0 0 0 0 0 1 0 0
2688 2 0 0 0 0 0 0 0 0
2721 116 1 1 58 0 0 0 0 0
2722 58 0 0 0 0 0 58 0 0
2730 232 2 1 116 0 0 0 0 0
2732 58 0 0 0 0 0 0 0 0
2733 58 0 0 0 0 0 0 0 0
2734 58 0 0 0 0 0 58 0 0
2735 464 0 0 0 0 0 58 0 0
2736 116 0 0 0 0 0 58 58 58
2738 58 0 0 0 0 0 0 0 0
2744 522 1 1 406 0 0 0 0 0
fl=/build/glibc-9tT8Do/glibc-2.23/malloc/morecore.c
fn=__default_morecore
46 59 1 1 0 0 0 0 0 0
47 59 0 0 0 0 0 59 0 0
48 177 0 0 0 0 0 0 0 0
52 118 0 0 59 0 0 0 0 0
fl=/build/glibc-9tT8Do/glibc-2.23/math/../sysdeps/x86_64/fpu/multiarch/e_asin.c
fn=__acos_finite
10 5 2 2 3 0 0 0 0 0
fn=__asin_finite
16 5 0 0 3 0 0 0 0 0
fl=/build/glibc-9tT8Do/glibc-2.23/math/../sysdeps/x86_64/fpu/multiarch/e_exp.c
fn=__exp_finite
9 8 1 1 3 0 0 0 0 0
fl=/build/glibc-9tT8Do/glibc-2.23/math/../sysdeps/x86_64/fpu/multiarch/e_pow.c
fn=__pow_finite
8 5 1 1 3 0 0 0 0 0
fl=/build/glibc-9tT8Do/glibc-2.23/math/../sysdeps/x86_64/fpu/multiarch/s_ceil.S
fn=ceil
25 1 1 1 1 0 0 0 0 0
26 1 0 0 0 0 0 0 0 0
27 1 1 1 1 0 0 0 0 0
28 1 0 0 0 0 0 0 0 0
30 1 0 0 1 0 0 0 0 0
fl=/build/glibc-9tT8Do/glibc-2.23/math/../sysdeps/x86_64/fpu/multiarch/s_ceilf.S
fn=ceilf
25 1 1 1 1 0 0 0 0 0
26 1 0 0 0 0 0 0 0 0
27 1 0 0 1 0 0 0 0 0
28 1 0 0 0 0 0 0 0 0
30 1 0 0 1 0 0 0 0 0
fl=/build/glibc-9tT8Do/glibc-2.23/math/../sysdeps/x86_64/fpu/multiarch/s_floor.S
fn=floor
25 1 1 1 1 0 0 0 0 0
26 1 0 0 0 0 0 0 0 0
27 1 1 1 1 0 0 0 0 0
28 1 0 0 0 0 0 0 0 0
30 1 0 0 1 0 0 0 0 0
fl=/build/glibc-9tT8Do/glibc-2.23/math/../sysdeps/x86_64/fpu/multiarch/s_floorf.S
fn=floorf
25 1 1 1 1 0 0 0 0 0
26 1 0 0 0 0 0 0 0 0
27 1 1 1 1 0 0 0 0 0
28 1 0 0 0 0 0 0 0 0
30 1 0 0 1 0 0 0 0 0
fl=/build/glibc-9tT8Do/glibc-2.23/math/../sysdeps/x86_64/fpu/multiarch/s_rint.S
fn=rint
25 1 1 1 1 0 0 0 0 0
26 1 0 0 0 0 0 0 0 0
27 1 0 0 1 0 0 0 0 0
28 1 0 0 0 0 0 0 0 0
30 1 1 1 1 0 0 0 0 0
fl=/build/glibc-9tT8Do/glibc-2.23/math/../sysdeps/x86_64/fpu/multiarch/s_rintf.S
fn=rintf
25 1 1 1 1 0 0 0 0 0
26 1 0 0 0 0 0 0 0 0
27 1 0 0 1 0 0 0 0 0
28 1 0 0 0 0 0 0 0 0
30 1 0 0 1 0 0 0 0 0
fl=/build/glibc-9tT8Do/glibc-2.23/math/../sysdeps/x86_64/fpu/multiarch/s_sin.c
fn=cos
12 8 2 2 3 0 0 0 0 0
fl=/build/glibc-9tT8Do/glibc-2.23/misc/../sysdeps/unix/syscall-template.S
fn=__syscall_clock_gettime
65 2 1 1 0 0 0 0 0 0
66 1 0 0 1 0 0 0 0 0
fn=mprotect
84 44 1 1 0 0 0 0 0 0
85 11 0 0 11 0 0 0 0 0
fn=munmap
84 4 1 1 0 0 0 0 0 0
85 1 0 0 1 0 0 0 0 0
fl=/build/glibc-9tT8Do/glibc-2.23/misc/../sysdeps/unix/sysv/linux/wordsize-64/mmap.c
fn=mmap
32 180 1 1 0 0 0 108 4 4
33 104 2 2 5 0 0 0 0 0
34 180 0 0 0 0 0 0 0 0
36 126 0 0 126 0 0 0 0 0
fl=/build/glibc-9tT8Do/glibc-2.23/misc/../sysdeps/unix/sysv/linux/x86_64/brk.c
fn=brk
31 472 2 1 59 0 0 59 0 0
33 118 2 1 0 0 0 0 0 0
39 59 0 0 0 0 0 0 0 0
40 59 0 0 59 0 0 0 0 0
fl=/build/glibc-9tT8Do/glibc-2.23/misc/init-misc.c
fn=__init_misc
30 3 0 0 0 0 0 2 0 0
31 6 1 1 1 0 0 0 0 0
33 3 1 1 0 0 0 1 0 0
37 5 0 0 1 1 0 1 1 0
38 3 0 0 2 1 0 1 0 0
40 4 0 0 3 0 0 0 0 0
fl=/build/glibc-9tT8Do/glibc-2.23/misc/sbrk.c
fn=sbrk
34 236 2 1 0 0 0 177 0 0
42 410 0 0 176 7 1 0 0 0
43 6 1 1 1 0 0 1 1 0
46 118 0 0 0 0 0 0 0 0
50 348 0 0 0 0 0 0 0 0
58 232 2 1 0 0 0 58 2 0
62 295 0 0 236 0 0 0 0 0
fl=/build/glibc-9tT8Do/glibc-2.23/posix/../sysdeps/unix/syscall-template.S
fn=uname
84 4 1 1 0 0 0 0 0 0
85 1 0 0 1 0 0 0 0 0
fl=/build/glibc-9tT8Do/glibc-2.23/rt/../sysdeps/unix/clock_gettime.c
fn=clock_gettime
93 5 1 1 0 0 0 2 0 0
115 8 1 1 2 1 0 1 0 0
134 4 0 0 3 0 0 0 0 0
fl=/build/glibc-9tT8Do/glibc-2.23/setjmp/../sysdeps/x86_64/bsd-_setjmp.S
fn=_setjmp
30 1 1 1 0 0 0 0 0 0
32 1 0 0 0 0 0 0 0 0
fl=/build/glibc-9tT8Do/glibc-2.23/setjmp/../sysdeps/x86_64/setjmp.S
fn=__sigsetjmp
26 12 2 2 0 0 0 12 1 0
35 12 0 0 0 0 0 0 0 0
36 24 1 1 12 0 0 0 0 0
37 12 0 0 0 0 0 12 0 0
41 12 0 0 0 0 0 12 1 1
42 12 0 0 0 0 0 12 0 0
43 12 0 0 0 0 0 12 1 0
44 12 0 0 0 0 0 12 0 0
45 12 0 0 0 0 0 0 0 0
47 24 0 0 12 0 0 0 0 0
49 12 0 0 0 0 0 12 0 0
50 12 0 0 12 0 0 0 0 0
51 12 0 0 0 0 0 0 0 0
53 24 1 1 12 0 0 0 0 0
55 12 1 1 0 0 0 12 0 0
59 11 0 0 0 0 0 0 0 0
60 11 0 0 11 0 0 0 0 0
64 1 0 0 0 0 0 0 0 0
fl=/build/glibc-9tT8Do/glibc-2.23/setjmp/sigjmp.c
fn=__sigjmp_save
28 3 0 0 0 0 0 1 0 0
29 3 0 0 0 0 0 1 0 0
34 3 0 0 2 0 0 0 0 0
fl=/build/glibc-9tT8Do/glibc-2.23/stdlib/cxa_atexit.c
fn=__cxa_atexit
35 14 0 0 0 0 0 7 0 0
37 14 0 0 0 0 0 0 0 0
41 21 0 0 7 1 0 0 0 0
43 7 0 0 0 0 0 7 0 0
44 7 0 0 0 0 0 7 3 0
45 7 0 0 0 0 0 7 0 0
47 7 1 1 0 0 0 7 0 0
48 7 0 0 0 0 0 0 0 0
57 42 2 1 0 0 0 21 0 0
59 28 0 0 28 0 0 0 0 0
fn=__new_exitfn
73 28 2 1 0 0 0 14 0 0
79 42 1 1 14 5 2 0 0 0
81 45 1 1 8 3 0 0 0 0
83 33 3 1 7 3 0 0 0 0
84 30 0 0 6 2 0 0 0 0
91 2 0 0 0 0 0 1 0 0
94 12 0 0 0 0 0 0 0 0
112 1 1 1 0 0 0 0 0 0
113 2 1 1 0 0 0 1 0 0
119 18 0 0 0 0 0 0 0 0
120 12 0 0 0 0 0 6 0 0
126 7 1 1 0 0 0 7 1 0
127 7 0 0 7 3 1 0 0 0
130 28 0 0 14 0 0 0 0 0
133 35 0 0 21 0 0 0 0 0
fl=/build/glibc-9tT8Do/glibc-2.23/stdlib/rand.c
fn=rand
26 1920000 1 1 0 0 0 0 0 0
27 1920000 0 0 0 0 0 1920000 0 0
28 3840000 0 0 1920000 0 0 0 0 0
fl=/build/glibc-9tT8Do/glibc-2.23/stdlib/random.c
fn=random
288 1920000 1 1 0 0 0 0 0 0
291 11520000 0 0 3840000 3 1 0 0 0
293 5760000 1 1 0 0 0 1920000 0 0
295 7680000 0 0 3840000 0 0 0 0 0
297 1920000 1 1 1920000 0 0 0 0 0
298 3840000 0 0 1920000 0 0 0 0 0
fl=/build/glibc-9tT8Do/glibc-2.23/stdlib/random_r.c
fn=random_r
357 7680000 1 1 0 0 0 0 0 0
360 5698065 1 1 1920000 0 0 0 0 0
362 5760000 0 0 1920000 3 0 0 0 0
371 1920000 0 0 1920000 0 0 0 0 0
372 1920000 0 0 1920000 0 0 0 0 0
373 1920000 0 0 1920000 3 0 0 0 0
376 5760000 0 0 3840000 6 2 1920000 0 0
378 3840000 0 0 0 0 0 1920000 0 0
379 1920000 0 0 0 0 0 0 0 0
380 3840000 0 0 0 0 0 0 0 0
383 1920000 0 0 0 0 0 0 0 0
391 1920000 0 0 0 0 0 1920000 0 0
392 3778065 0 0 1858065 0 0 1920000 0 0
394 1981935 0 0 61935 0 0 0 0 0
fl=/build/glibc-9tT8Do/glibc-2.23/string/../bits/stdlib-bsearch.h
fn=intel_check_word
27 8 0 0 0 0 0 0 0 0
28 16 0 0 0 0 0 0 0 0
29 110 0 0 0 0 0 0 0 0
31 154 1 1 0 0 0 0 0 0
32 54 0 0 0 0 0 0 0 0
37 8 0 0 0 0 0 0 0 0
fl=/build/glibc-9tT8Do/glibc-2.23/string/../string/memmove.c
fn=memmove
45 24 1 1 0 0 0 16 0 0
51 16 0 0 0 0 0 0 0 0
59 16 0 0 0 0 0 0 0 0
62 10 1 1 0 0 0 0 0 0
63 4 0 0 0 0 0 0 0 0
75 28 1 1 0 0 0 2 0 0
81 70 0 0 10 0 0 10 0 0
112 28 1 1 20 0 0 0 0 0
fl=/build/glibc-9tT8Do/glibc-2.23/string/../sysdeps/x86_64/cacheinfo.c
fn=handle_intel
261 16 0 0 0 0 0 12 0 0
262 4 1 1 0 0 0 0 0 0
273 6 0 0 0 0 0 2 0 0
275 2 0 0 0 0 0 2 0 0
276 4 0 0 0 0 0 2 0 0
278 2 1 1 0 0 0 0 0 0
284 10 1 1 0 0 0 2 0 0
289 4 0 0 0 0 0 0 0 0
291 6 0 0 0 0 0 2 0 0
292 2 0 0 0 0 0 0 0 0
296 8 0 0 0 0 0 2 0 0
297 4 1 1 0 0 0 0 0 0
300 10 0 0 0 0 0 2 0 0
301 4 0 0 0 0 0 0 0 0
318 16 1 1 14 0 0 0 0 0
fn=init_cacheinfo
482 5 1 1 0 0 0 5 0 0
494 4 0 0 2 1 0 0 0 0
496 5 0 0 1 0 0 1 0 0
499 1 0 0 0 0 0 0 0 0
500 4 1 1 0 0 0 1 0 0
502 2 0 0 0 0 0 0 0 0
511 2 0 0 0 0 0 0 0 0
513 1 0 0 1 0 0 0 0 0
514 1 0 0 1 0 0 0 0 0
516 1 0 0 0 0 0 0 0 0
521 18 1 1 0 0 0 0 0 0
527 8 0 0 0 0 0 0 0 0
530 20 0 0 0 0 0 0 0 0
532 1 1 1 0 0 0 0 0 0
538 6 0 0 0 0 0 0 0 0
545 11 1 1 0 0 0 0 0 0
547 2 0 0 0 0 0 0 0 0
548 2 0 0 0 0 0 0 0 0
549 8 0 0 0 0 0 0 0 0
551 4 0 0 0 0 0 0 0 0
556 1 0 0 0 0 0 0 0 0
558 3 0 0 0 0 0 0 0 0
559 4 0 0 0 0 0 0 0 0
564 2 0 0 0 0 0 0 0 0
565 6 1 1 0 0 0 0 0 0
596 4 0 0 0 0 0 0 0 0
597 5 0 0 0 0 0 0 0 0
652 2 0 0 0 0 0 0 0 0
654 3 1 1 0 0 0 1 0 0
655 1 0 0 0 0 0 1 1 1
657 1 0 0 0 0 0 0 0 0
658 3 0 0 0 0 0 1 0 0
659 1 0 0 0 0 0 1 0 0
662 2 0 0 0 0 0 0 0 0
664 3 0 0 0 0 0 1 0 0
665 1 0 0 0 0 0 1 0 0
667 1 1 1 0 0 0 0 0 0
668 3 0 0 0 0 0 1 0 0
669 1 0 0 0 0 0 1 0 0
671 6 0 0 6 0 0 0 0 0
fn=intel_check_word
121 108 0 0 54 6 6 0 0 0
124 54 0 0 0 0 0 0 0 0
132 24 0 0 0 0 0 16 0 0
133 8 1 1 0 0 0 0 0 0
135 2 0 0 0 0 0 0 0 0
139 28 1 1 0 0 0 0 0 0
141 24 1 1 0 0 0 0 0 0
143 10 1 1 0 0 0 0 0 0
145 20 0 0 0 0 0 0 0 0
153 20 0 0 0 0 0 0 0 0
165 17 1 1 0 0 0 0 0 0
168 15 0 0 0 0 0 0 0 0
172 10 0 0 0 0 0 0 0 0
174 10 0 0 0 0 0 0 0 0
175 26 0 0 0 0 0 0 0 0
177 21 1 1 0 0 0 0 0 0
178 10 0 0 0 0 0 0 0 0
179 10 0 0 0 0 0 0 0 0
180 6 0 0 0 0 0 0 0 0
182 2 1 1 0 0 0 0 0 0
184 4 0 0 0 0 0 0 0 0
186 32 2 2 0 0 0 0 0 0
197 3 1 1 0 0 0 0 0 0
204 16 0 0 0 0 0 0 0 0
209 8 0 0 4 0 0 0 0 0
212 24 0 0 8 0 0 0 0 0
226 8 0 0 0 0 0 0 0 0
251 8 0 0 0 0 0 0 0 0
256 24 0 0 20 0 0 0 0 0
fl=/build/glibc-9tT8Do/glibc-2.23/string/../sysdeps/x86_64/memcpy.S
fn=mempcpy
61 30 1 1 0 0 0 0 0 0
65 30 0 0 0 0 0 0 0 0
68 28 0 0 0 0 0 0 0 0
69 28 0 0 0 0 0 0 0 0
71 15 0 0 15 2 2 0 0 0
72 15 0 0 0 0 0 15 1 1
74 15 0 0 0 0 0 0 0 0
75 15 0 0 0 0 0 0 0 0
80 28 0 0 0 0 0 0 0 0
81 28 0 0 0 0 0 0 0 0
83 16 0 0 16 0 0 0 0 0
84 16 1 1 0 0 0 16 0 0
86 16 0 0 0 0 0 0 0 0
87 16 0 0 0 0 0 0 0 0
92 28 1 0 0 0 0 0 0 0
93 28 0 0 0 0 0 0 0 0
95 14 0 0 14 0 0 0 0 0
96 14 0 0 0 0 0 14 0 0
98 14 0 0 0 0 0 0 0 0
99 14 0 0 0 0 0 0 0 0
104 28 0 0 0 0 0 0 0 0
105 28 0 0 0 0 0 0 0 0
107 14 0 0 14 0 0 0 0 0
108 14 0 0 0 0 0 14 1 1
110 14 0 0 0 0 0 0 0 0
111 28 0 0 0 0 0 0 0 0
116 28 0 0 0 0 0 0 0 0
117 30 0 0 0 0 0 0 0 0
122 2 0 0 2 1 0 0 0 0
123 2 0 0 2 0 0 0 0 0
124 2 0 0 0 0 0 2 1 1
125 2 0 0 0 0 0 2 0 0
127 2 0 0 0 0 0 0 0 0
129 2 0 0 0 0 0 0 0 0
130 2 0 0 0 0 0 0 0 0
132 2 0 0 0 0 0 0 0 0
138 28 1 1 0 0 0 0 0 0
142 28 0 0 28 0 0 0 0 0
154 5 0 0 0 0 0 0 0 0
156 5 0 0 0 0 0 0 0 0
157 5 0 0 0 0 0 0 0 0
183 5 1 1 0 0 0 0 0 0
184 5 0 0 0 0 0 0 0 0
187 5 0 0 0 0 0 0 0 0
188 5 0 0 0 0 0 0 0 0
189 5 0 0 0 0 0 0 0 0
194 5 0 0 0 0 0 0 0 0
196 5 0 0 5 0 0 0 0 0
197 5 0 0 5 0 0 0 0 0
198 5 0 0 5 0 0 0 0 0
199 5 0 0 5 0 0 0 0 0
201 5 0 0 0 0 0 5 1 1
202 5 0 0 0 0 0 5 2 2
203 5 0 0 0 0 0 5 0 0
204 5 0 0 0 0 0 5 0 0
206 5 1 1 0 0 0 0 0 0
207 5 0 0 0 0 0 0 0 0
209 5 0 0 0 0 0 0 0 0
231 5 1 1 0 0 0 0 0 0
233 5 0 0 0 0 0 0 0 0
235 2 0 0 0 0 0 0 0 0
242 2 0 0 2 0 0 0 0 0
fl=/build/glibc-9tT8Do/glibc-2.23/string/../sysdeps/x86_64/multiarch/../memcmp.S
fn=__GI_memcmp
24 49 1 1 0 0 0 0 0 0
25 49 0 0 0 0 0 0 0 0
26 49 0 0 0 0 0 0 0 0
27 49 0 0 0 0 0 0 0 0
28 49 0 0 0 0 0 0 0 0
29 49 0 0 0 0 0 0 0 0
30 49 0 0 0 0 0 0 0 0
31 49 0 0 0 0 0 0 0 0
34 49 0 0 0 0 0 0 0 0
35 49 0 0 0 0 0 0 0 0
36 48 0 0 48 0 0 0 0 0
37 48 0 0 48 0 0 0 0 0
38 48 0 0 0 0 0 0 0 0
39 48 0 0 0 0 0 0 0 0
40 48 1 1 0 0 0 0 0 0
41 48 0 0 0 0 0 0 0 0
42 48 0 0 0 0 0 0 0 0
44 11 0 0 0 0 0 0 0 0
45 11 0 0 0 0 0 0 0 0
46 1 0 0 1 0 0 0 0 0
47 1 0 0 1 0 0 0 0 0
48 1 0 0 0 0 0 0 0 0
49 1 0 0 0 0 0 0 0 0
50 1 0 0 0 0 0 0 0 0
51 1 0 0 0 0 0 0 0 0
52 1 0 0 0 0 0 0 0 0
54 11 0 0 0 0 0 0 0 0
55 11 0 0 0 0 0 0 0 0
56 11 0 0 11 0 0 0 0 0
57 11 0 0 11 0 0 0 0 0
58 11 0 0 0 0 0 0 0 0
59 11 0 0 0 0 0 0 0 0
94 38 0 0 38 0 0 0 0 0
98 11 1 1 0 0 0 0 0 0
99 11 0 0 0 0 0 0 0 0
100 1 0 0 0 0 0 0 0 0
101 1 0 0 0 0 0 0 0 0
102 1 0 0 0 0 0 0 0 0
103 1 0 0 0 0 0 0 0 0
104 1 0 0 0 0 0 0 0 0
105 1 0 0 0 0 0 0 0 0
106 1 0 0 0 0 0 0 0 0
107 1 0 0 0 0 0 0 0 0
108 1 0 0 0 0 0 0 0 0
109 1 0 0 0 0 0 0 0 0
110 1 0 0 1 0 0 0 0 0
114 10 1 1 0 0 0 0 0 0
115 10 0 0 10 0 0 0 0 0
fn=bcmp
24 25 1 1 0 0 0 0 0 0
25 25 0 0 0 0 0 0 0 0
26 25 0 0 0 0 0 0 0 0
27 25 0 0 0 0 0 0 0 0
28 25 0 0 0 0 0 0 0 0
29 25 0 0 0 0 0 0 0 0
30 25 0 0 0 0 0 0 0 0
31 25 0 0 0 0 0 0 0 0
34 25 0 0 0 0 0 0 0 0
35 25 0 0 0 0 0 0 0 0
36 8 0 0 8 1 1 0 0 0
37 8 0 0 8 3 3 0 0 0
38 8 0 0 0 0 0 0 0 0
39 8 0 0 0 0 0 0 0 0
40 8 0 0 0 0 0 0 0 0
41 8 0 0 0 0 0 0 0 0
42 8 0 0 0 0 0 0 0 0
44 24 1 1 0 0 0 0 0 0
45 24 0 0 0 0 0 0 0 0
46 7 0 0 7 0 0 0 0 0
47 7 0 0 7 0 0 0 0 0
48 7 0 0 0 0 0 0 0 0
49 7 0 0 0 0 0 0 0 0
50 7 0 0 0 0 0 0 0 0
51 7 0 0 0 0 0 0 0 0
52 7 0 0 0 0 0 0 0 0
54 24 0 0 0 0 0 0 0 0
55 24 0 0 0 0 0 0 0 0
56 8 1 1 8 1 1 0 0 0
57 8 0 0 8 1 1 0 0 0
58 8 0 0 0 0 0 0 0 0
59 8 0 0 0 0 0 0 0 0
60 2 0 0 0 0 0 0 0 0
61 2 0 0 0 0 0 0 0 0
62 2 0 0 0 0 0 0 0 0
64 18 0 0 0 0 0 0 0 0
65 18 0 0 0 0 0 0 0 0
66 10 0 0 10 0 0 0 0 0
67 10 0 0 10 2 2 0 0 0
68 10 0 0 0 0 0 0 0 0
69 10 0 0 0 0 0 0 0 0
74 8 0 0 8 1 1 0 0 0
75 8 0 0 8 0 0 0 0 0
76 8 0 0 0 0 0 0 0 0
77 8 0 0 0 0 0 0 0 0
78 8 0 0 0 0 0 0 0 0
79 8 0 0 0 0 0 0 0 0
80 8 0 0 0 0 0 0 0 0
81 5 0 0 0 0 0 0 0 0
82 5 0 0 0 0 0 0 0 0
83 5 0 0 5 0 0 0 0 0
84 5 0 0 5 0 0 0 0 0
85 5 0 0 0 0 0 0 0 0
92 5 0 0 0 0 0 0 0 0
94 6 0 0 6 0 0 0 0 0
98 16 1 1 0 0 0 0 0 0
99 16 0 0 0 0 0 0 0 0
100 3 0 0 0 0 0 0 0 0
101 3 0 0 0 0 0 0 0 0
102 3 0 0 0 0 0 0 0 0
103 3 0 0 0 0 0 0 0 0
104 3 0 0 0 0 0 0 0 0
105 3 0 0 0 0 0 0 0 0
106 3 0 0 0 0 0 0 0 0
107 3 0 0 0 0 0 0 0 0
108 3 0 0 0 0 0 0 0 0
109 3 0 0 0 0 0 0 0 0
110 3 0 0 3 0 0 0 0 0
114 16 1 1 0 0 0 0 0 0
115 16 0 0 16 0 0 0 0 0
fl=/build/glibc-9tT8Do/glibc-2.23/string/../sysdeps/x86_64/multiarch/../memcpy.S
fn=memcpy
61 30 1 1 0 0 0 0 0 0
63 30 0 0 0 0 0 0 0 0
65 30 0 0 0 0 0 0 0 0
68 26 0 0 0 0 0 0 0 0
69 26 0 0 0 0 0 0 0 0
71 7 0 0 7 0 0 0 0 0
72 7 0 0 0 0 0 7 3 3
74 7 0 0 0 0 0 0 0 0
75 7 0 0 0 0 0 0 0 0
80 26 0 0 0 0 0 0 0 0
81 26 0 0 0 0 0 0 0 0
83 8 0 0 8 0 0 0 0 0
84 8 0 0 0 0 0 8 3 3
86 8 0 0 0 0 0 0 0 0
87 16 0 0 0 0 0 0 0 0
92 26 1 1 0 0 0 0 0 0
93 26 0 0 0 0 0 0 0 0
95 6 0 0 6 0 0 0 0 0
96 6 0 0 0 0 0 6 0 0
98 6 0 0 0 0 0 0 0 0
99 6 0 0 0 0 0 0 0 0
104 26 0 0 0 0 0 0 0 0
105 26 0 0 0 0 0 0 0 0
107 16 0 0 16 0 0 0 0 0
108 16 0 0 0 0 0 16 0 0
110 16 0 0 0 0 0 0 0 0
111 16 0 0 0 0 0 0 0 0
116 26 0 0 0 0 0 0 0 0
117 37 0 0 0 0 0 0 0 0
122 11 0 0 11 1 1 0 0 0
123 11 0 0 11 0 0 0 0 0
124 11 0 0 0 0 0 11 0 0
125 11 0 0 0 0 0 11 2 2
127 11 0 0 0 0 0 0 0 0
129 11 0 0 0 0 0 0 0 0
130 11 0 0 0 0 0 0 0 0
132 11 0 0 0 0 0 0 0 0
140 26 1 1 26 0 0 0 0 0
148 15 0 0 0 0 0 15 0 0
154 15 0 0 0 0 0 0 0 0
156 15 0 0 0 0 0 0 0 0
157 15 0 0 0 0 0 0 0 0
160 4 0 0 0 0 0 0 0 0
161 12 0 0 0 0 0 0 0 0
166 19 0 0 19 0 0 0 0 0
167 19 0 0 0 0 0 19 0 0
169 19 0 0 0 0 0 0 0 0
171 19 0 0 0 0 0 0 0 0
172 19 0 0 0 0 0 0 0 0
174 27 1 1 0 0 0 0 0 0
183 15 0 0 0 0 0 0 0 0
184 15 0 0 0 0 0 0 0 0
187 15 0 0 0 0 0 0 0 0
188 15 0 0 0 0 0 0 0 0
189 15 0 0 0 0 0 0 0 0
194 17 0 0 0 0 0 0 0 0
196 17 0 0 17 4 4 0 0 0
197 17 0 0 17 0 0 0 0 0
198 17 0 0 17 0 0 0 0 0
199 17 0 0 17 0 0 0 0 0
201 17 0 0 0 0 0 17 2 2
202 17 0 0 0 0 0 17 1 1
203 17 0 0 0 0 0 17 1 1
204 17 0 0 0 0 0 17 2 2
206 17 1 1 0 0 0 0 0 0
207 17 0 0 0 0 0 0 0 0
209 17 0 0 0 0 0 0 0 0
211 4 0 0 0 0 0 0 0 0
213 4 0 0 4 0 0 0 0 0
214 4 0 0 4 0 0 0 0 0
215 4 0 0 4 0 0 0 0 0
216 4 0 0 4 0 0 0 0 0
218 4 0 0 0 0 0 4 4 4
219 4 0 0 0 0 0 4 0 0
220 4 0 0 0 0 0 4 0 0
221 4 0 0 0 0 0 4 0 0
223 4 0 0 0 0 0 0 0 0
224 4 0 0 0 0 0 0 0 0
226 6 0 0 0 0 0 0 0 0
231 15 1 1 0 0 0 0 0 0
237 15 0 0 15 0 0 0 0 0
238 15 0 0 0 0 0 0 0 0
240 4 0 0 4 0 0 0 0 0
fl=/build/glibc-9tT8Do/glibc-2.23/string/../sysdeps/x86_64/multiarch/../memset.S
fn=memset
53 17 1 1 0 0 0 0 0 0
54 17 0 0 0 0 0 0 0 0
55 17 0 0 0 0 0 0 0 0
56 17 0 0 0 0 0 0 0 0
57 17 1 1 0 0 0 0 0 0
59 17 0 0 0 0 0 0 0 0
60 17 0 0 0 0 0 0 0 0
61 13 0 0 0 0 0 0 0 0
62 13 0 0 0 0 0 0 0 0
63 1 0 0 0 0 0 0 0 0
64 1 0 0 0 0 0 1 1 1
65 1 0 0 0 0 0 1 0 0
66 1 0 0 0 0 0 0 0 0
68 1 0 0 1 0 0 0 0 0
77 4 1 1 0 0 0 0 0 0
78 4 0 0 0 0 0 4 4 4
79 4 0 0 0 0 0 0 0 0
80 4 0 0 0 0 0 4 3 3
81 4 0 0 0 0 0 4 1 1
82 4 0 0 0 0 0 4 1 1
83 4 0 0 0 0 0 4 1 1
84 4 0 0 0 0 0 4 0 0
85 4 0 0 0 0 0 4 1 1
86 4 0 0 0 0 0 4 0 0
87 4 0 0 0 0 0 0 0 0
88 4 0 0 0 0 0 0 0 0
89 4 0 0 0 0 0 0 0 0
90 8 0 0 0 0 0 0 0 0
93 60 0 0 0 0 0 60 53 53
94 60 0 0 0 0 0 60 0 0
95 60 0 0 0 0 0 60 0 0
96 60 0 0 0 0 0 60 0 0
97 60 0 0 0 0 0 0 0 0
98 60 0 0 0 0 0 0 0 0
99 60 0 0 0 0 0 0 0 0
100 4 0 0 4 0 0 0 0 0
103 12 1 1 0 0 0 0 0 0
104 12 0 0 0 0 0 0 0 0
105 12 0 0 0 0 0 0 0 0
106 3 0 0 0 0 0 0 0 0
107 3 0 0 0 0 0 0 0 0
108 1 0 0 0 0 0 0 0 0
109 1 0 0 0 0 0 0 0 0
112 1 0 0 0 0 0 0 0 0
113 1 0 0 0 0 0 0 0 0
114 1 0 0 0 0 0 1 0 0
115 1 0 0 1 0 0 0 0 0
117 2 0 0 0 0 0 2 0 0
118 2 0 0 0 0 0 2 0 0
119 2 0 0 2 0 0 0 0 0
121 9 0 0 0 0 0 9 2 2
122 9 0 0 0 0 0 9 1 1
123 9 0 0 9 0 0 0 0 0
fl=/build/glibc-9tT8Do/glibc-2.23/string/../sysdeps/x86_64/multiarch/../strchr.S
fn=index
24 18 1 1 0 0 0 0 0 0
25 18 0 0 0 0 0 0 0 0
26 18 0 0 0 0 0 0 0 0
27 18 0 0 0 0 0 0 0 0
28 18 0 0 0 0 0 0 0 0
29 18 0 0 0 0 0 0 0 0
30 18 0 0 0 0 0 0 0 0
31 18 0 0 0 0 0 0 0 0
32 18 0 0 18 6 6 0 0 0
33 18 0 0 0 0 0 0 0 0
34 18 0 0 0 0 0 0 0 0
35 18 1 1 0 0 0 0 0 0
36 18 0 0 0 0 0 0 0 0
37 18 0 0 0 0 0 0 0 0
38 18 0 0 0 0 0 0 0 0
39 18 0 0 0 0 0 0 0 0
40 18 0 0 0 0 0 0 0 0
41 14 0 0 0 0 0 0 0 0
45 14 0 0 0 0 0 0 0 0
46 14 0 0 0 0 0 0 0 0
47 14 0 0 14 0 0 0 0 0
48 14 0 0 0 0 0 0 0 0
50 14 0 0 14 0 0 0 0 0
54 4 0 0 4 0 0 0 0 0
55 4 0 0 0 0 0 0 0 0
56 4 0 0 0 0 0 0 0 0
57 4 0 0 0 0 0 0 0 0
58 4 0 0 0 0 0 0 0 0
59 4 1 1 0 0 0 0 0 0
60 4 0 0 4 0 0 0 0 0
61 4 0 0 0 0 0 0 0 0
62 4 0 0 0 0 0 0 0 0
63 4 0 0 0 0 0 0 0 0
64 4 0 0 0 0 0 0 0 0
65 4 0 0 0 0 0 0 0 0
66 4 0 0 0 0 0 0 0 0
67 4 0 0 4 0 0 0 0 0
68 4 0 0 0 0 0 0 0 0
69 4 0 0 0 0 0 0 0 0
70 4 0 0 0 0 0 0 0 0
71 4 0 0 0 0 0 0 0 0
72 4 0 0 0 0 0 0 0 0
73 4 0 0 0 0 0 0 0 0
74 4 0 0 0 0 0 0 0 0
75 4 1 1 0 0 0 0 0 0
76 4 0 0 0 0 0 0 0 0
77 4 0 0 0 0 0 0 0 0
129 4 1 1 0 0 0 0 0 0
133 4 0 0 0 0 0 0 0 0
134 4 0 0 0 0 0 0 0 0
135 4 0 0 4 0 0 0 0 0
136 4 1 1 0 0 0 0 0 0
138 4 0 0 4 0 0 0 0 0
fl=/build/glibc-9tT8Do/glibc-2.23/string/../sysdeps/x86_64/multiarch/../strcmp.S
fn=strcmp
144 2565 1 1 0 0 0 0 0 0
145 2565 0 0 0 0 0 0 0 0
147 2565 0 0 0 0 0 0 0 0
148 2565 0 0 0 0 0 0 0 0
169 2565 0 0 0 0 0 0 0 0
170 2565 1 1 0 0 0 0 0 0
171 2357 0 0 0 0 0 0 0 0
172 2357 0 0 0 0 0 0 0 0
173 2337 0 0 2337 56 17 0 0 0
174 2337 0 0 2337 40 5 0 0 0
175 2337 0 0 2337 0 0 0 0 0
176 2337 0 0 2337 0 0 0 0 0
197 2337 0 0 0 0 0 0 0 0
198 2337 0 0 0 0 0 0 0 0
199 2337 0 0 0 0 0 0 0 0
200 2337 0 0 0 0 0 0 0 0
201 2337 0 0 0 0 0 0 0 0
202 2337 0 0 0 0 0 0 0 0
203 2337 0 0 0 0 0 0 0 0
208 32 0 0 0 0 0 0 0 0
209 32 0 0 0 0 0 0 0 0
218 260 2 1 0 0 0 0 0 0
219 260 0 0 0 0 0 0 0 0
220 260 0 0 0 0 0 0 0 0
221 260 0 0 0 0 0 0 0 0
222 260 0 0 0 0 0 0 0 0
223 260 0 0 0 0 0 0 0 0
224 260 0 0 0 0 0 0 0 0
225 260 0 0 0 0 0 0 0 0
226 157 0 0 0 0 0 0 0 0
227 83 0 0 0 0 0 0 0 0
228 83 0 0 0 0 0 0 0 0
229 83 0 0 0 0 0 0 0 0
231 157 0 0 0 0 0 0 0 0
232 157 0 0 0 0 0 0 0 0
233 157 0 0 0 0 0 0 0 0
234 157 0 0 157 10 2 0 0 0
235 157 0 0 0 0 0 0 0 0
236 157 0 0 0 0 0 0 0 0
246 103 1 1 103 8 2 0 0 0
247 103 0 0 0 0 0 0 0 0
248 103 0 0 0 0 0 0 0 0
250 103 0 0 103 0 0 0 0 0
256 103 0 0 0 0 0 0 0 0
257 103 0 0 0 0 0 0 0 0
258 103 0 0 0 0 0 0 0 0
259 103 0 0 0 0 0 0 0 0
260 103 0 0 0 0 0 0 0 0
265 103 0 0 0 0 0 0 0 0
267 90 0 0 0 0 0 0 0 0
268 90 0 0 0 0 0 0 0 0
269 180 0 0 0 0 0 0 0 0
277 109 1 1 109 8 1 0 0 0
278 109 0 0 109 0 0 0 0 0
281 109 0 0 0 0 0 0 0 0
282 109 0 0 0 0 0 0 0 0
283 109 0 0 0 0 0 0 0 0
284 109 0 0 0 0 0 0 0 0
285 109 0 0 0 0 0 0 0 0
286 109 0 0 0 0 0 0 0 0
292 33 0 0 0 0 0 0 0 0
293 33 0 0 33 0 0 0 0 0
294 33 0 0 33 0 0 0 0 0
297 33 0 0 0 0 0 0 0 0
298 33 0 0 0 0 0 0 0 0
299 33 0 0 0 0 0 0 0 0
300 33 1 1 0 0 0 0 0 0
301 33 0 0 0 0 0 0 0 0
302 33 0 0 0 0 0 0 0 0
307 19 0 0 0 0 0 0 0 0
308 19 0 0 0 0 0 0 0 0
696 2 2 1 0 0 0 0 0 0
697 2 0 0 2 1 1 0 0 0
698 2 0 0 2 1 0 0 0 0
699 2 0 0 0 0 0 0 0 0
700 2 0 0 0 0 0 0 0 0
702 2 0 0 0 0 0 0 0 0
703 2 0 0 0 0 0 0 0 0
704 2 1 1 0 0 0 0 0 0
705 2 0 0 0 0 0 0 0 0
706 2 0 0 0 0 0 0 0 0
707 2 0 0 0 0 0 0 0 0
708 2 0 0 0 0 0 0 0 0
709 2 0 0 2 0 0 0 0 0
713 2 0 0 0 0 0 0 0 0
714 2 0 0 0 0 0 0 0 0
715 2 0 0 0 0 0 0 0 0
721 2 0 0 0 0 0 0 0 0
722 2 0 0 0 0 0 0 0 0
723 4 0 0 0 0 0 0 0 0
727 2 2 1 0 0 0 0 0 0
728 2 0 0 0 0 0 0 0 0
731 2 0 0 2 1 0 0 0 0
732 2 0 0 2 1 1 0 0 0
733 2 0 0 0 0 0 0 0 0
736 2 0 0 0 0 0 0 0 0
737 2 0 0 0 0 0 0 0 0
738 2 0 0 0 0 0 0 0 0
744 2 0 0 0 0 0 0 0 0
745 2 0 0 0 0 0 0 0 0
746 2 0 0 0 0 0 0 0 0
747 2 0 0 0 0 0 0 0 0
748 2 0 0 0 0 0 0 0 0
749 2 1 1 0 0 0 0 0 0
821 1 1 1 0 0 0 0 0 0
822 1 0 0 1 0 0 0 0 0
823 1 0 0 1 1 1 0 0 0
824 1 0 0 0 0 0 0 0 0
825 1 0 0 0 0 0 0 0 0
827 1 0 0 0 0 0 0 0 0
828 1 0 0 0 0 0 0 0 0
829 1 1 1 0 0 0 0 0 0
830 1 0 0 0 0 0 0 0 0
831 1 0 0 0 0 0 0 0 0
832 1 0 0 0 0 0 0 0 0
833 1 0 0 0 0 0 0 0 0
834 1 0 0 1 0 0 0 0 0
838 1 0 0 0 0 0 0 0 0
839 1 0 0 0 0 0 0 0 0
840 1 0 0 0 0 0 0 0 0
846 1 0 0 0 0 0 0 0 0
847 1 0 0 0 0 0 0 0 0
848 2 0 0 0 0 0 0 0 0
852 1 1 1 0 0 0 0 0 0
853 1 0 0 0 0 0 0 0 0
856 1 0 0 1 0 0 0 0 0
857 1 0 0 1 1 0 0 0 0
858 1 0 0 0 0 0 0 0 0
861 1 0 0 0 0 0 0 0 0
862 1 0 0 0 0 0 0 0 0
863 1 0 0 0 0 0 0 0 0
869 1 0 0 0 0 0 0 0 0
870 1 0 0 0 0 0 0 0 0
871 1 0 0 0 0 0 0 0 0
872 1 0 0 0 0 0 0 0 0
873 1 0 0 0 0 0 0 0 0
874 1 1 1 0 0 0 0 0 0
946 2 1 1 0 0 0 0 0 0
947 2 0 0 2 1 0 0 0 0
948 2 0 0 2 1 0 0 0 0
949 2 0 0 0 0 0 0 0 0
950 2 0 0 0 0 0 0 0 0
952 2 0 0 0 0 0 0 0 0
953 2 0 0 0 0 0 0 0 0
954 2 1 1 0 0 0 0 0 0
955 2 0 0 0 0 0 0 0 0
956 2 0 0 0 0 0 0 0 0
957 2 0 0 0 0 0 0 0 0
958 2 0 0 0 0 0 0 0 0
959 2 0 0 2 0 0 0 0 0
963 2 0 0 0 0 0 0 0 0
964 2 0 0 0 0 0 0 0 0
965 2 0 0 0 0 0 0 0 0
971 2 0 0 0 0 0 0 0 0
972 2 0 0 0 0 0 0 0 0
973 4 0 0 0 0 0 0 0 0
977 2 1 1 0 0 0 0 0 0
978 2 0 0 0 0 0 0 0 0
981 2 0 0 2 0 0 0 0 0
982 2 0 0 2 2 1 0 0 0
983 2 0 0 0 0 0 0 0 0
986 2 0 0 0 0 0 0 0 0
987 2 0 0 0 0 0 0 0 0
988 2 0 0 0 0 0 0 0 0
994 2 0 0 0 0 0 0 0 0
995 2 0 0 0 0 0 0 0 0
996 2 0 0 0 0 0 0 0 0
997 2 0 0 0 0 0 0 0 0
998 2 0 0 0 0 0 0 0 0
999 2 1 1 0 0 0 0 0 0
1071 5 1 1 0 0 0 0 0 0
1072 5 0 0 5 0 0 0 0 0
1073 5 0 0 5 2 1 0 0 0
1074 5 0 0 0 0 0 0 0 0
1075 5 0 0 0 0 0 0 0 0
1077 5 0 0 0 0 0 0 0 0
1078 5 0 0 0 0 0 0 0 0
1079 5 2 1 0 0 0 0 0 0
1080 5 0 0 0 0 0 0 0 0
1081 5 0 0 0 0 0 0 0 0
1082 5 0 0 0 0 0 0 0 0
1083 5 0 0 0 0 0 0 0 0
1084 5 0 0 5 0 0 0 0 0
1088 5 0 0 0 0 0 0 0 0
1089 5 0 0 0 0 0 0 0 0
1090 5 0 0 0 0 0 0 0 0
1096 5 0 0 0 0 0 0 0 0
1097 5 0 0 0 0 0 0 0 0
1098 10 0 0 0 0 0 0 0 0
1102 5 2 1 0 0 0 0 0 0
1103 5 0 0 0 0 0 0 0 0
1106 5 0 0 5 1 1 0 0 0
1107 5 0 0 5 0 0 0 0 0
1108 5 0 0 0 0 0 0 0 0
1111 5 0 0 0 0 0 0 0 0
1112 5 0 0 0 0 0 0 0 0
1113 5 0 0 0 0 0 0 0 0
1119 5 0 0 0 0 0 0 0 0
1120 5 0 0 0 0 0 0 0 0
1121 5 0 0 0 0 0 0 0 0
1122 5 0 0 0 0 0 0 0 0
1123 5 0 0 0 0 0 0 0 0
1124 5 2 1 0 0 0 0 0 0
1131 2 0 0 0 0 0 0 0 0
1132 2 0 0 0 0 0 0 0 0
1134 2 0 0 0 0 0 0 0 0
1135 2 0 0 0 0 0 0 0 0
1137 2 0 0 2 1 1 0 0 0
1138 2 0 0 2 0 0 0 0 0
1139 2 0 0 0 0 0 0 0 0
1142 2 0 0 0 0 0 0 0 0
1143 2 0 0 0 0 0 0 0 0
1144 2 0 0 0 0 0 0 0 0
1150 2 0 0 0 0 0 0 0 0
1151 2 0 0 0 0 0 0 0 0
1152 2 0 0 0 0 0 0 0 0
1153 2 0 0 0 0 0 0 0 0
1154 2 1 1 0 0 0 0 0 0
1155 2 0 0 0 0 0 0 0 0
1196 5 1 1 0 0 0 0 0 0
1197 5 0 0 5 0 0 0 0 0
1198 5 0 0 5 0 0 0 0 0
1199 5 0 0 0 0 0 0 0 0
1200 5 0 0 0 0 0 0 0 0
1202 5 0 0 0 0 0 0 0 0
1203 5 0 0 0 0 0 0 0 0
1204 5 1 1 0 0 0 0 0 0
1205 5 0 0 0 0 0 0 0 0
1206 5 0 0 0 0 0 0 0 0
1207 5 0 0 0 0 0 0 0 0
1208 5 0 0 0 0 0 0 0 0
1209 1 0 0 1 0 0 0 0 0
1213 1 0 0 0 0 0 0 0 0
1214 1 0 0 0 0 0 0 0 0
1215 1 0 0 0 0 0 0 0 0
1221 1 0 0 0 0 0 0 0 0
1222 1 0 0 0 0 0 0 0 0
1223 2 0 0 0 0 0 0 0 0
1227 1 1 1 0 0 0 0 0 0
1228 1 0 0 0 0 0 0 0 0
1231 1 0 0 1 0 0 0 0 0
1232 1 0 0 1 0 0 0 0 0
1233 1 0 0 0 0 0 0 0 0
1236 1 0 0 0 0 0 0 0 0
1237 1 0 0 0 0 0 0 0 0
1238 1 0 0 0 0 0 0 0 0
1244 1 0 0 0 0 0 0 0 0
1245 1 0 0 0 0 0 0 0 0
1246 1 0 0 0 0 0 0 0 0
1247 1 0 0 0 0 0 0 0 0
1248 1 0 0 0 0 0 0 0 0
1249 1 1 1 0 0 0 0 0 0
1321 48 2 1 0 0 0 0 0 0
1322 48 0 0 48 4 0 0 0 0
1323 48 0 0 48 4 0 0 0 0
1324 48 0 0 0 0 0 0 0 0
1325 48 0 0 0 0 0 0 0 0
1327 48 0 0 0 0 0 0 0 0
1328 48 0 0 0 0 0 0 0 0
1329 48 2 1 0 0 0 0 0 0
1330 48 0 0 0 0 0 0 0 0
1331 48 0 0 0 0 0 0 0 0
1332 48 0 0 0 0 0 0 0 0
1333 48 0 0 0 0 0 0 0 0
1446 11 1 1 0 0 0 0 0 0
1447 11 0 0 11 0 0 0 0 0
1448 11 0 0 11 0 0 0 0 0
1449 11 0 0 0 0 0 0 0 0
1450 11 0 0 0 0 0 0 0 0
1452 11 0 0 0 0 0 0 0 0
1453 11 0 0 0 0 0 0 0 0
1454 11 1 1 0 0 0 0 0 0
1455 11 0 0 0 0 0 0 0 0
1456 11 0 0 0 0 0 0 0 0
1457 11 0 0 0 0 0 0 0 0
1458 11 0 0 0 0 0 0 0 0
1459 1 0 0 1 0 0 0 0 0
1463 1 0 0 0 0 0 0 0 0
1464 1 0 0 0 0 0 0 0 0
1465 1 0 0 0 0 0 0 0 0
1471 1 0 0 0 0 0 0 0 0
1472 1 0 0 0 0 0 0 0 0
1473 2 0 0 0 0 0 0 0 0
1477 1 1 1 0 0 0 0 0 0
1478 1 0 0 0 0 0 0 0 0
1481 1 0 0 1 1 1 0 0 0
1482 1 0 0 1 0 0 0 0 0
1483 1 0 0 0 0 0 0 0 0
1486 1 0 0 0 0 0 0 0 0
1487 1 0 0 0 0 0 0 0 0
1488 1 0 0 0 0 0 0 0 0
1494 1 0 0 0 0 0 0 0 0
1495 1 0 0 0 0 0 0 0 0
1496 1 0 0 0 0 0 0 0 0
1497 1 0 0 0 0 0 0 0 0
1498 1 0 0 0 0 0 0 0 0
1499 1 1 1 0 0 0 0 0 0
1571 17 1 1 0 0 0 0 0 0
1572 17 0 0 17 2 1 0 0 0
1573 17 0 0 17 0 0 0 0 0
1574 17 0 0 0 0 0 0 0 0
1575 17 0 0 0 0 0 0 0 0
1577 17 0 0 0 0 0 0 0 0
1578 17 0 0 0 0 0 0 0 0
1579 17 1 1 0 0 0 0 0 0
1580 17 0 0 0 0 0 0 0 0
1581 17 0 0 0 0 0 0 0 0
1582 17 0 0 0 0 0 0 0 0
1583 17 0 0 0 0 0 0 0 0
1584 1 0 0 1 0 0 0 0 0
1588 1 0 0 0 0 0 0 0 0
1589 1 0 0 0 0 0 0 0 0
1590 1 0 0 0 0 0 0 0 0
1596 1 0 0 0 0 0 0 0 0
1597 1 0 0 0 0 0 0 0 0
1598 2 0 0 0 0 0 0 0 0
1602 1 1 1 0 0 0 0 0 0
1603 1 0 0 0 0 0 0 0 0
1606 1 0 0 1 0 0 0 0 0
1607 1 0 0 1 0 0 0 0 0
1608 1 0 0 0 0 0 0 0 0
1611 1 0 0 0 0 0 0 0 0
1612 1 0 0 0 0 0 0 0 0
1613 1 0 0 0 0 0 0 0 0
1619 1 0 0 0 0 0 0 0 0
1620 1 0 0 0 0 0 0 0 0
1621 1 0 0 0 0 0 0 0 0
1622 1 0 0 0 0 0 0 0 0
1623 1 0 0 0 0 0 0 0 0
1624 1 1 1 0 0 0 0 0 0
1696 13 1 1 0 0 0 0 0 0
1697 13 0 0 13 1 0 0 0 0
1698 13 0 0 13 1 1 0 0 0
1699 13 0 0 0 0 0 0 0 0
1700 13 0 0 0 0 0 0 0 0
1702 13 0 0 0 0 0 0 0 0
1703 13 0 0 0 0 0 0 0 0
1704 13 1 1 0 0 0 0 0 0
1705 13 0 0 0 0 0 0 0 0
1706 13 0 0 0 0 0 0 0 0
1707 13 0 0 0 0 0 0 0 0
1708 13 0 0 0 0 0 0 0 0
1821 8 1 1 0 0 0 0 0 0
1822 8 0 0 8 3 2 0 0 0
1823 8 0 0 8 2 1 0 0 0
1824 8 0 0 0 0 0 0 0 0
1825 8 0 0 0 0 0 0 0 0
1827 8 0 0 0 0 0 0 0 0
1828 8 0 0 0 0 0 0 0 0
1829 8 1 1 0 0 0 0 0 0
1830 8 0 0 0 0 0 0 0 0
1831 8 0 0 0 0 0 0 0 0
1832 8 0 0 0 0 0 0 0 0
1833 8 0 0 0 0 0 0 0 0
1834 5 0 0 5 0 0 0 0 0
1838 5 0 0 0 0 0 0 0 0
1839 5 0 0 0 0 0 0 0 0
1840 5 0 0 0 0 0 0 0 0
1846 5 0 0 0 0 0 0 0 0
1847 5 0 0 0 0 0 0 0 0
1848 10 0 0 0 0 0 0 0 0
1852 5 1 1 0 0 0 0 0 0
1853 5 0 0 0 0 0 0 0 0
1856 5 0 0 5 0 0 0 0 0
1857 5 0 0 5 1 1 0 0 0
1858 5 0 0 0 0 0 0 0 0
1861 5 0 0 0 0 0 0 0 0
1862 5 0 0 0 0 0 0 0 0
1863 5 0 0 0 0 0 0 0 0
1869 5 0 0 0 0 0 0 0 0
1870 5 0 0 0 0 0 0 0 0
1871 5 0 0 0 0 0 0 0 0
1872 5 0 0 0 0 0 0 0 0
1873 5 0 0 0 0 0 0 0 0
1874 5 1 1 0 0 0 0 0 0
1946 7 1 1 0 0 0 0 0 0
1947 7 0 0 7 0 0 0 0 0
1948 7 0 0 7 3 1 0 0 0
1949 7 0 0 0 0 0 0 0 0
1950 7 0 0 0 0 0 0 0 0
1952 7 0 0 0 0 0 0 0 0
1953 7 0 0 0 0 0 0 0 0
1954 7 1 1 0 0 0 0 0 0
1955 7 0 0 0 0 0 0 0 0
1956 7 0 0 0 0 0 0 0 0
1957 7 0 0 0 0 0 0 0 0
1958 7 0 0 0 0 0 0 0 0
1959 5 0 0 5 0 0 0 0 0
1963 5 0 0 0 0 0 0 0 0
1964 5 0 0 0 0 0 0 0 0
1965 5 0 0 0 0 0 0 0 0
1971 5 0 0 0 0 0 0 0 0
1972 5 0 0 0 0 0 0 0 0
1973 10 0 0 0 0 0 0 0 0
1977 5 2 1 0 0 0 0 0 0
1978 5 0 0 0 0 0 0 0 0
1981 5 0 0 5 2 2 0 0 0
1982 5 0 0 5 1 1 0 0 0
1983 5 0 0 0 0 0 0 0 0
1986 5 0 0 0 0 0 0 0 0
1987 5 0 0 0 0 0 0 0 0
1988 5 0 0 0 0 0 0 0 0
1994 5 0 0 0 0 0 0 0 0
1995 5 0 0 0 0 0 0 0 0
1996 5 0 0 0 0 0 0 0 0
1997 5 0 0 0 0 0 0 0 0
1998 5 0 0 0 0 0 0 0 0
1999 5 2 1 0 0 0 0 0 0
2071 38 1 1 0 0 0 0 0 0
2072 38 0 0 38 4 0 0 0 0
2073 38 0 0 38 4 0 0 0 0
2074 38 0 0 0 0 0 0 0 0
2075 38 0 0 0 0 0 0 0 0
2077 38 0 0 0 0 0 0 0 0
2078 38 0 0 0 0 0 0 0 0
2079 38 1 1 0 0 0 0 0 0
2080 38 0 0 0 0 0 0 0 0
2081 38 0 0 0 0 0 0 0 0
2082 38 0 0 0 0 0 0 0 0
2083 38 0 0 0 0 0 0 0 0
2200 113 0 0 0 0 0 0 0 0
2202 260 1 1 0 0 0 0 0 0
2203 260 0 0 0 0 0 0 0 0
2204 260 0 0 0 0 0 0 0 0
2205 260 0 0 0 0 0 0 0 0
2206 249 0 0 0 0 0 0 0 0
2211 2565 1 1 0 0 0 0 0 0
2217 2565 0 0 2565 0 0 0 0 0
2218 2565 0 0 2565 0 0 0 0 0
2226 2565 0 0 0 0 0 0 0 0
2227 2565 0 0 2565 0 0 0 0 0
fl=/build/glibc-9tT8Do/glibc-2.23/string/../sysdeps/x86_64/multiarch/strcmp-sse2-unaligned.S
fn=__strcmp_sse2_unaligned
24 8 1 1 0 0 0 0 0 0
25 8 0 0 0 0 0 0 0 0
26 8 0 0 0 0 0 0 0 0
27 8 0 0 0 0 0 0 0 0
28 8 0 0 0 0 0 0 0 0
29 8 0 0 0 0 0 0 0 0
30 8 0 0 0 0 0 0 0 0
197 8 0 0 0 0 0 0 0 0
198 8 0 0 0 0 0 0 0 0
203 8 1 1 8 0 0 0 0 0
204 8 0 0 8 0 0 0 0 0
205 8 0 0 0 0 0 0 0 0
206 8 0 0 0 0 0 0 0 0
209 8 0 0 0 0 0 0 0 0
210 8 0 0 8 0 0 0 0 0
fl=/build/glibc-9tT8Do/glibc-2.23/string/../sysdeps/x86_64/multiarch/strcmp.S
fn=strcasecmp
109 1 1 1 1 0 0 0 0 0
110 1 0 0 0 0 0 0 0 0
111 1 0 0 1 1 0 0 0 0
112 1 0 0 0 0 0 0 0 0
122 1 1 1 1 0 0 0 0 0
fn=strcmp
87 1 1 1 1 0 0 0 0 0
89 1 0 0 0 0 0 0 0 0
90 1 0 0 1 1 0 0 0 0
91 1 0 0 0 0 0 0 0 0
103 1 1 1 1 0 0 0 0 0
fn=strncasecmp
129 1 1 1 1 0 0 0 0 0
130 1 0 0 0 0 0 0 0 0
131 1 0 0 1 0 0 0 0 0
132 1 0 0 0 0 0 0 0 0
142 1 1 1 1 0 0 0 0 0
fl=/build/glibc-9tT8Do/glibc-2.23/string/../sysdeps/x86_64/multiarch/strcspn.S
fn=strcspn
45 1 1 1 1 0 0 0 0 0
46 1 0 0 0 0 0 0 0 0
47 1 0 0 1 1 0 0 0 0
48 1 0 0 0 0 0 0 0 0
49 1 0 0 0 0 0 0 0 0
50 1 0 0 1 0 0 0 0 0
fn=strpbrk
45 1 1 1 1 0 0 0 0 0
46 1 0 0 0 0 0 0 0 0
47 1 0 0 1 0 0 0 0 0
48 1 0 0 0 0 0 0 0 0
49 1 0 0 0 0 0 0 0 0
50 1 0 0 1 0 0 0 0 0
fl=/build/glibc-9tT8Do/glibc-2.23/string/../sysdeps/x86_64/multiarch/strspn.S
fn=strspn
30 1 1 1 1 0 0 0 0 0
31 1 0 0 0 0 0 0 0 0
32 1 0 0 1 0 0 0 0 0
33 1 0 0 0 0 0 0 0 0
34 1 0 0 0 0 0 0 0 0
35 1 0 0 1 0 0 0 0 0
fl=/build/glibc-9tT8Do/glibc-2.23/string/../sysdeps/x86_64/strlen.S
fn=strlen
66 97 2 2 0 0 0 0 0 0
67 97 0 0 0 0 0 0 0 0
68 97 0 0 0 0 0 0 0 0
69 97 0 0 0 0 0 0 0 0
70 97 1 1 0 0 0 0 0 0
71 97 0 0 0 0 0 0 0 0
72 97 0 0 0 0 0 0 0 0
74 97 0 0 0 0 0 0 0 0
76 97 0 0 0 0 0 0 0 0
106 96 0 0 96 7 7 0 0 0
107 96 0 0 0 0 0 0 0 0
108 96 0 0 0 0 0 0 0 0
109 96 0 0 0 0 0 0 0 0
110 96 0 0 0 0 0 0 0 0
111 80 0 0 0 0 0 0 0 0
112 80 0 0 80 0 0 0 0 0
116 16 0 0 0 0 0 0 0 0
117 16 1 1 16 0 0 0 0 0
118 16 0 0 16 0 0 0 0 0
119 16 0 0 16 0 0 0 0 0
120 16 0 0 0 0 0 0 0 0
121 16 0 0 0 0 0 0 0 0
122 16 0 0 0 0 0 0 0 0
123 16 0 0 0 0 0 0 0 0
124 16 0 0 0 0 0 0 0 0
125 16 0 0 0 0 0 0 0 0
126 16 0 0 0 0 0 0 0 0
127 16 0 0 0 0 0 0 0 0
132 128 0 0 16 0 0 0 0 0
136 1 1 1 0 0 0 0 0 0
137 14 1 1 4 0 0 0 0 0
138 8 0 0 1 0 0 0 0 0
fl=/build/glibc-9tT8Do/glibc-2.23/string/../sysdeps/x86_64/strrchr.S
fn=rindex
24 1 1 1 0 0 0 0 0 0
25 1 0 0 0 0 0 0 0 0
26 1 0 0 0 0 0 0 0 0
27 1 0 0 0 0 0 0 0 0
28 1 0 0 0 0 0 0 0 0
29 1 0 0 0 0 0 0 0 0
30 1 0 0 0 0 0 0 0 0
31 1 0 0 0 0 0 0 0 0
32 1 0 0 1 1 0 0 0 0
33 1 0 0 0 0 0 0 0 0
34 1 1 1 0 0 0 0 0 0
35 1 0 0 0 0 0 0 0 0
36 1 0 0 0 0 0 0 0 0
37 1 0 0 0 0 0 0 0 0
38 1 0 0 0 0 0 0 0 0
39 1 0 0 0 0 0 0 0 0
40 1 0 0 0 0 0 0 0 0
41 1 0 0 0 0 0 0 0 0
42 1 0 0 0 0 0 0 0 0
43 1 0 0 0 0 0 0 0 0
44 1 0 0 0 0 0 0 0 0
45 1 0 0 0 0 0 0 0 0
46 1 0 0 0 0 0 0 0 0
47 1 0 0 1 0 0 0 0 0
fl=/build/glibc-9tT8Do/glibc-2.23/string/strdup.c
fn=strdup
40 24 0 0 0 0 0 12 0 0
41 12 1 1 0 0 0 6 0 0
42 12 0 0 0 0 0 6 0 0
44 12 0 0 0 0 0 0 0 0
47 24 0 0 0 0 0 0 0 0
48 18 0 0 12 0 0 0 0 0
fl=/build/glibc-9tT8Do/glibc-2.23/string/wordcopy.c
fn=_wordcopy_fwd_aligned
38 12 1 1 2 0 0 0 0 0
41 1 1 1 1 0 0 0 0 0
44 3 0 0 0 0 0 0 0 0
45 1 0 0 0 0 0 0 0 0
47 1 1 1 1 0 0 0 0 0
50 3 0 0 0 0 0 0 0 0
51 1 0 0 0 0 0 0 0 0
115 1 1 1 1 0 0 0 0 0
116 1 0 0 0 0 0 1 0 0
118 2 0 0 2 0 0 0 0 0
119 2 0 0 0 0 0 2 0 0
122 2 0 0 0 0 0 0 0 0
125 4 0 0 0 0 0 0 0 0
130 4 1 1 2 0 0 2 0 0
fl=/build/glibc-9tT8Do/glibc-2.23/time/../sysdeps/generic/dl-hash.h
fn=gettimeofday
45 12 1 1 4 0 0 0 0 0
48 12 0 0 0 0 0 0 0 0
62 16 0 0 0 0 0 0 0 0
fn=time
45 12 0 0 4 1 1 0 0 0
48 12 1 1 0 0 0 0 0 0
62 16 0 0 0 0 0 0 0 0
fl=/build/glibc-9tT8Do/glibc-2.23/time/../sysdeps/unix/sysv/linux/clock.c
fn=clock
25 1 1 1 0 0 0 0 0 0
34 6 0 0 0 0 0 1 0 0
37 9 1 1 2 0 0 0 0 0
39 3 0 0 1 0 0 0 0 0
fl=/build/glibc-9tT8Do/glibc-2.23/time/../sysdeps/unix/sysv/linux/x86/gettimeofday.c
fn=gettimeofday
36 1 0 0 0 0 0 0 0 0
37 11 2 2 0 0 0 4 0 0
40 3 0 0 0 0 0 1 0 0
41 3 0 0 0 0 0 0 0 0
42 2 0 0 1 0 0 0 0 0
fl=/build/glibc-9tT8Do/glibc-2.23/time/../sysdeps/unix/sysv/linux/x86/time.c
fn=time
37 1 0 0 0 0 0 0 0 0
38 11 2 2 0 0 0 4 0 0
41 3 0 0 0 0 0 1 0 0
42 3 0 0 0 0 0 0 0 0
43 2 0 0 1 0 0 0 0 0
fl=/build/glibc-9tT8Do/glibc-2.23/wcsmbs/./wcsmbsload.h
fn=btowc
71 384 0 0 128 1 0 0 0 0
73 384 1 1 0 0 0 0 0 0
74 128 0 0 0 0 0 0 0 0
fl=/build/glibc-9tT8Do/glibc-2.23/wcsmbs/btowc.c
fn=btowc
33 640 1 1 0 0 0 384 0 0
38 1280 1 1 0 0 0 0 0 0
43 768 0 0 0 0 0 0 0 0
47 384 0 0 384 1 0 0 0 0
48 256 0 0 256 1 0 0 0 0
51 512 0 0 128 1 0 0 0 0
55 256 0 0 128 1 0 0 0 0
58 640 0 0 128 0 0 256 0 0
99 768 1 1 640 0 0 0 0 0
fl=/build/glibc-9tT8Do/glibc-2.23/wcsmbs/wctob.c
fn=wctob
40 256 1 1 0 0 0 0 0 0
45 256 0 0 0 0 0 0 0 0
46 256 0 0 128 0 0 0 0 0
fl=/build/glibc-9tT8Do/glibc-2.23/wctype/wctype_l.c
fn=wctype_l
27 90 2 2 0 0 0 60 0 0
30 20 0 0 0 0 0 10 0 0
33 30 0 0 20 1 0 0 0 0
34 58 0 0 0 0 0 0 0 0
36 174 0 0 0 0 0 58 0 0
38 410 1 1 0 0 0 49 0 0
41 48 0 0 0 0 0 0 0 0
42 96 0 0 48 0 0 0 0 0
47 20 0 0 20 3 0 0 0 0
48 80 0 0 70 0 0 0 0 0
fl=???
fn=???
0 1929523 164 154 1928538 133 8 439 23 13
fn=_GLOBAL__sub_I__Z5startRPPii
0 7 1 1 2 0 0 2 0 0
fn=__atan2_finite
0 8 2 2 3 0 0 0 0 0
fn=__cpu_indicator_init
0 88 8 8 19 2 1 13 0 0
fn=__cxa_guard_acquire
0 33 5 5 13 1 0 7 0 0
fn=__cxa_guard_release
0 14 3 3 5 0 0 3 0 0
fn=__cxxabiv1::__si_class_type_info::__do_dyncast(long, __cxxabiv1::__class_type_info::__sub_kind, __cxxabiv1::__class_type_info const*, void const*, __cxxabiv1::__class_type_info const*, void const*, __cxxabiv1::__class_type_info::__dyncast_result&) const
0 1360 3 3 440 1 0 360 0 0
fn=__cxxabiv1::__vmi_class_type_info::__do_dyncast(long, __cxxabiv1::__class_type_info::__sub_kind, __cxxabiv1::__class_type_info const*, void const*, __cxxabiv1::__class_type_info const*, void const*, __cxxabiv1::__class_type_info::__dyncast_result&) const
0 528 6 6 208 2 1 144 0 0
fn=__dynamic_cast
0 2496 4 4 912 14 0 624 0 0
fn=__libc_csu_init
0 41 4 3 9 2 1 9 0 0
fn=__log_finite
0 8 2 2 3 0 0 0 0 0
fn=__static_initialization_and_destruction_0(int, int)
0 18 1 0 4 0 0 5 0 0
fn=_dl_debug_initialize
0 7 0 0 6 0 0 0 0 0
fn=_start
0 11 2 2 1 0 0 3 0 0
fn=bool std::has_facet<std::ctype<char> >(std::locale const&)
0 84 2 2 36 1 0 12 0 0
fn=bool std::has_facet<std::ctype<wchar_t> >(std::locale const&)
0 84 2 2 36 1 0 12 0 0
fn=bool std::has_facet<std::num_get<char, std::istreambuf_iterator<char, std::char_traits<char> > > >(std::locale const&)
0 84 1 1 36 0 0 12 0 0
fn=bool std::has_facet<std::num_get<wchar_t, std::istreambuf_iterator<wchar_t, std::char_traits<wchar_t> > > >(std::locale const&)
0 84 1 1 36 0 0 12 0 0
fn=bool std::has_facet<std::num_put<char, std::ostreambuf_iterator<char, std::char_traits<char> > > >(std::locale const&)
0 84 2 2 36 2 0 12 0 0
fn=bool std::has_facet<std::num_put<wchar_t, std::ostreambuf_iterator<wchar_t, std::char_traits<wchar_t> > > >(std::locale const&)
0 84 2 2 36 2 0 12 0 0
fn=fill(int**, int, int)
0 61461648 2 2 15372015 302 0 3842418 120600 118200
fn=main
0 53 5 5 15 2 0 13 1 0
fn=memcpy@GLIBC_2.2.5
0 18 2 2 4 0 0 0 0 0
fn=operator new(unsigned long)
0 26433 1 1 4806 0 0 4806 0 0
fn=operator new[](unsigned long)
0 9612 1 1 2403 0 0 2403 0 0
fn=product6loop(int**, int**, int**, int, int)
0 4070362682 6 6 1819144304 1764334 0 104559975 0 0
fn=sin
0 8 1 1 3 0 0 0 0 0
fn=start(int**&, int)
0 50481 4 3 16821 0 0 4821 300 298
fn=std::__cxx11::messages<char>::messages(unsigned long)
0 19 1 1 4 0 0 8 1 1
fn=std::__cxx11::messages<wchar_t>::messages(unsigned long)
0 19 2 2 4 0 0 8 0 0
fn=std::__cxx11::moneypunct<char, false>::_M_initialize_moneypunct(__locale_struct*, char const*)
0 112 4 4 37 1 1 31 0 0
fn=std::__cxx11::moneypunct<char, true>::_M_initialize_moneypunct(__locale_struct*, char const*)
0 112 6 6 37 0 0 31 0 0
fn=std::__cxx11::moneypunct<wchar_t, false>::_M_initialize_moneypunct(__locale_struct*, char const*)
0 108 7 7 29 1 0 32 0 0
fn=std::__cxx11::moneypunct<wchar_t, true>::_M_initialize_moneypunct(__locale_struct*, char const*)
0 108 7 7 29 0 0 32 0 0
fn=std::__cxx11::numpunct<char>::_M_initialize_numpunct(__locale_struct*)
0 413 6 6 136 5 2 75 0 0
fn=std::__cxx11::numpunct<wchar_t>::_M_initialize_numpunct(__locale_struct*)
0 349 6 6 73 0 0 75 3 3
fn=std::__timepunct<char>::_M_initialize_timepunct(__locale_struct*)
0 107 12 12 6 0 0 52 0 0
fn=std::__timepunct<char>::__timepunct(std::__timepunct_cache<char>*, unsigned long)
0 22 2 2 4 0 0 9 1 1
fn=std::__timepunct<wchar_t>::_M_initialize_timepunct(__locale_struct*)
0 105 11 11 5 0 0 51 0 0
fn=std::__timepunct<wchar_t>::__timepunct(std::__timepunct_cache<wchar_t>*, unsigned long)
0 22 2 2 4 1 0 9 0 0
fn=std::basic_ios<char, std::char_traits<char> >::_M_cache_locale(std::locale const&)
0 120 2 2 12 0 0 44 0 0
fn=std::basic_ios<char, std::char_traits<char> >::init(std::basic_streambuf<char, std::char_traits<char> >*)
0 88 2 2 12 0 0 40 0 0
fn=std::basic_ios<wchar_t, std::char_traits<wchar_t> >::_M_cache_locale(std::locale const&)
0 120 2 2 12 0 0 44 0 0
fn=std::basic_ios<wchar_t, std::char_traits<wchar_t> >::init(std::basic_streambuf<wchar_t, std::char_traits<wchar_t> >*)
0 88 2 2 12 0 0 40 0 0
fn=std::codecvt<char, char, __mbstate_t>::codecvt(unsigned long)
0 17 1 1 4 0 0 6 2 2
fn=std::codecvt<wchar_t, char, __mbstate_t>::codecvt(unsigned long)
0 17 2 2 4 1 0 6 1 1
fn=std::ctype<char> const& std::use_facet<std::ctype<char> >(std::locale const&)
0 76 2 2 36 0 0 12 0 0
fn=std::ctype<char>::ctype(unsigned short const*, bool, unsigned long)
0 116 4 4 8 1 0 79 9 9
fn=std::ctype<wchar_t> const& std::use_facet<std::ctype<wchar_t> >(std::locale const&)
0 76 2 2 36 0 0 12 0 0
fn=std::ctype<wchar_t>::_M_convert_to_wmask(unsigned short) const
0 137 6 6 12 0 0 0 0 0
fn=std::ctype<wchar_t>::_M_initialize_ctype()
0 2757 4 4 5 0 0 810 20 20
fn=std::ctype<wchar_t>::ctype(unsigned long)
0 19 2 2 3 0 0 7 1 1
fn=std::error_category::error_category()
0 8 1 1 4 1 0 2 0 0
fn=std::future_category()
0 16 3 3 2 1 1 3 0 0
fn=std::ios_base::Init::Init()
0 269 32 32 41 15 0 168 15 13
fn=std::ios_base::_M_init()
0 192 2 2 48 0 0 72 0 0
fn=std::ios_base::ios_base()
0 472 4 4 8 1 0 216 31 26
fn=std::locale::_Impl::_Impl(unsigned long)
0 1025 69 69 75 25 1 456 50 50
fn=std::locale::_Impl::_M_install_facet(std::locale::id const*, std::locale::facet const*)
0 12270 5 5 4530 1 0 240 0 0
fn=std::locale::facet::_S_create_c_locale(__locale_struct*&, char const*, __locale_struct*)
0 9 2 2 2 0 0 3 0 0
fn=std::locale::facet::_S_get_c_locale()
0 128 1 1 57 1 1 15 0 0
fn=std::locale::facet::_S_get_c_name()
0 14 1 1 7 0 0 0 0 0
fn=std::locale::id::_M_id() const
0 954 1 1 308 7 6 92 0 0
fn=std::locale::locale()
0 440 3 3 176 1 0 132 3 2
fn=std::locale::operator=(std::locale const&)
0 168 3 3 64 0 0 24 0 0
fn=std::locale::~locale()
0 96 1 1 40 0 0 16 0 0
fn=std::messages<char>::messages(unsigned long)
0 19 2 2 4 0 0 8 1 1
fn=std::messages<wchar_t>::messages(unsigned long)
0 19 2 2 4 0 0 8 0 0
fn=std::moneypunct<char, false>::_M_initialize_moneypunct(__locale_struct*, char const*)
0 112 6 6 37 0 0 31 0 0
fn=std::moneypunct<char, true>::_M_initialize_moneypunct(__locale_struct*, char const*)
0 112 4 4 37 0 0 31 0 0
fn=std::moneypunct<wchar_t, false>::_M_initialize_moneypunct(__locale_struct*, char const*)
0 108 6 6 29 0 0 32 0 0
fn=std::moneypunct<wchar_t, true>::_M_initialize_moneypunct(__locale_struct*, char const*)
0 108 6 6 29 0 0 32 0 0
fn=std::num_get<char, std::istreambuf_iterator<char, std::char_traits<char> > > const& std::use_facet<std::num_get<char, std::istreambuf_iterator<char, std::char_traits<char> > > >(std::locale const&)
0 76 1 1 36 0 0 12 0 0
fn=std::num_get<wchar_t, std::istreambuf_iterator<wchar_t, std::char_traits<wchar_t> > > const& std::use_facet<std::num_get<wchar_t, std::istreambuf_iterator<wchar_t, std::char_traits<wchar_t> > > >(std::locale const&)
0 76 2 2 36 0 0 12 0 0
fn=std::num_put<char, std::ostreambuf_iterator<char, std::char_traits<char> > > const& std::use_facet<std::num_put<char, std::ostreambuf_iterator<char, std::char_traits<char> > > >(std::locale const&)
0 76 2 2 36 0 0 12 0 0
fn=std::num_put<wchar_t, std::ostreambuf_iterator<wchar_t, std::char_traits<wchar_t> > > const& std::use_facet<std::num_put<wchar_t, std::ostreambuf_iterator<wchar_t, std::char_traits<wchar_t> > > >(std::locale const&)
0 76 2 2 36 0 0 12 0 0
fn=std::numpunct<char>::_M_initialize_numpunct(__locale_struct*)
0 413 6 6 136 0 0 75 1 0
fn=std::numpunct<wchar_t>::_M_initialize_numpunct(__locale_struct*)
0 349 6 6 73 0 0 75 0 0
summary: 4226606345 1429 1371 1865870238 1778224 7731 120193403 125518 122283
